local endZoneOne = game:GetService("Workspace").Models.Field.Grass.Endzone.One.SurfaceGui.TextLabel
local endZone1Grass = game:GetService("Workspace").Models.Field.Grass.Endzone.One
local endZoneOneDecal = Instance.new("Decal",endZone1Grass)
local endZoneTwo = game:GetService("Workspace").Models.Field.Grass.Endzone.Two.SurfaceGui.TextLabel
local endZone2Grass = game:GetService("Workspace").Models.Field.Grass.Endzone.Two
local endZoneTwoDecal = Instance.new("Decal",endZone2Grass)
local middleLogo = game:GetService("Workspace").Models.Field.Grass.Normal.Mid.SurfaceGui.ImageLabel
local fieldLogoPart1 = Instance.new("Part",game:GetService("Workspace"))
local fieldLogoDecal1 = Instance.new("Decal",fieldLogoPart1)
local fieldLogoPart2 = Instance.new("Part",game:GetService("Workspace"))
local fieldLogoDecal2 = Instance.new("Decal",fieldLogoPart2)


local rspnLogo = Instance.new("MeshPart",fieldLogoPart2)
rspnLogo.Size = Vector3.new(6, 6, 6)
rspnLogo.Position = Vector3.new(0, 28.974, 0)
rspnLogo.Rotation = Vector3.new(0, -90, 0)
rspnLogo.Anchored = true
rspnLogo.MeshId = "rbxassetid://8247020249"
rspnLogo.Transparency = 1
rspnLogo.BrickColor = BrickColor.new (Color3.fromHex("#FFFFFF"))

local rspnLogoRotation = -90

local isLogoOn = false
local isOnFieldSetOn = false

local a

game.Players.LocalPlayer:GetMouse().KeyDown:Connect(function(key)
if key == "v" then
	if (isLogoOn == false) then
		isLogoOn = true
		rspnLogo.Transparency = 0
		repeat
			rspnLogo.Rotation = Vector3.new(0, rspnLogoRotation, 0)
			wait(.01)
			rspnLogoRotation = rspnLogoRotation+1
		until isLogoOn == false
	else
	isLogoOn = false
	rspnLogo.Transparency = 1
		
	end					
end
if key == "j" then	
	if (isOnFieldSetOn == false) then
		isOnFieldSetOn = true
		
	a=Instance.new"Model"
a.WorldPivot=CFrame.new(104.23616790771,7.8165769577026,-162.6202545166,-0.49999985098839,-2.9057261485832e-07,0.86602538824081,-2.9057261485832e-07,0.99999988079071,1.6776220945758e-07,-0.86602538824081,-1.6776220945758e-07,-0.49999991059303)
local b=Instance.new"Part"
b.Anchored=true
b.BottomSurface=0
b.TopSurface=0
b.Color=Color3.fromRGB(91,93,105)
b.Material=512
b.Size=Vector3.new(31.219999313354,0.62000000476837,14.710000991821)
b.CFrame=CFrame.new(106.00830841064,18.737409591675,-161.75328063965,-0.49999985098839,-2.9057261485832e-07,0.86602538824081,-2.9057261485832e-07,0.99999988079071,1.6776220945758e-07,-0.86602538824081,-1.6776220945758e-07,-0.49999991059303)
b.Parent=a
local c=Instance.new"TrussPart"
c.Anchored=true
c.Color=Color3.fromRGB(91,93,105)
c.Material=512
c.Reflectance=0.8
c.Size=Vector3.new(2,22,2)
c.CFrame=CFrame.new(107.79132843018,7.5857419967651,-146.7142791748,0.86602538824081,1.9371506709831e-07,-0.49999982118607,1.6776220945758e-07,-0.99999982118607,-9.68575193383e-08,-0.49999991059303,0,-0.86602532863617)
c.Parent=a
local d=Instance.new"TrussPart"
d.Anchored=true
d.Color=Color3.fromRGB(91,93,105)
d.Material=512
d.Reflectance=0.8
d.Size=Vector3.new(2,22,2)
d.CFrame=CFrame.new(93.97632598877,7.5857343673706,-170.64256286621,0.86602538824081,1.9371506709831e-07,-0.49999982118607,1.6776220945758e-07,-0.99999982118607,-9.68575193383e-08,-0.49999991059303,0,-0.86602532863617)
d.Parent=a
local e=Instance.new"TrussPart"
e.Anchored=true
e.Color=Color3.fromRGB(91,93,105)
e.Material=512
e.Reflectance=0.8
e.Size=Vector3.new(2,22,2)
e.CFrame=CFrame.new(104.39461517334,7.5857362747192,-176.65754699707,0.86602538824081,1.9371506709831e-07,-0.49999982118607,1.6776220945758e-07,-0.99999982118607,-9.68575193383e-08,-0.49999991059303,0,-0.86602532863617)
e.Parent=a
local f=Instance.new"TrussPart"
f.Anchored=true
f.Color=Color3.fromRGB(91,93,105)
f.Material=512
f.Reflectance=0.8
f.Size=Vector3.new(2,22,2)
f.CFrame=CFrame.new(118.41960906982,7.5857439041138,-152.36555480957,0.86602538824081,1.9371506709831e-07,-0.49999982118607,1.6776220945758e-07,-0.99999982118607,-9.68575193383e-08,-0.49999991059303,0,-0.86602532863617)
f.Parent=a
local g=Instance.new"Model"
g.Name="Chair"
g.WorldPivot=CFrame.new(97.174194335938,6.1019005775452,-163.51921081543,-0.8660215139389,0.0016878858441487,-0.50000423192978,0.001497131655924,0.99999856948853,0.00078266579657793,0.50000470876694,-7.0766938733868e-05,-0.86602252721786)
g.Parent=a
local h=Instance.new"Part"
h.Anchored=true
h.Color=Color3.fromRGB(17,17,17)
h.Material=512
h.Size=Vector3.new(0.20000000298023,4.2000002861023,0.20000000298023)
h.CFrame=CFrame.new(96.808166503906,6.1025967597961,-162.1531829834,-0.8660215139389,0.0016878858441487,-0.50000423192978,0.001497131655924,0.99999856948853,0.00078266579657793,0.50000470876694,-7.0766938733868e-05,-0.86602252721786)
h.Parent=g
local i=Instance.new"Part"
i.Anchored=true
i.Color=Color3.fromRGB(17,17,17)
i.Material=512
i.Size=Vector3.new(0.20000000298023,4.2000002861023,0.20000000298023)
i.CFrame=CFrame.new(95.808166503906,6.1041617393494,-163.88520812988,-0.8660215139389,0.0016878858441487,-0.50000423192978,0.001497131655924,0.99999856948853,0.00078266579657793,0.50000470876694,-7.0766938733868e-05,-0.86602252721786)
i.Parent=g
local j=Instance.new"Part"
j.Anchored=true
j.Color=Color3.fromRGB(17,17,17)
j.Material=512
j.Size=Vector3.new(0.20000000298023,0.20000000298023,1.8000000715256)
j.CFrame=CFrame.new(96.311553955078,8.1033802032471,-163.01933288574,-0.8660215139389,0.0016878858441487,-0.50000423192978,0.001497131655924,0.99999856948853,0.00078266579657793,0.50000470876694,-7.0766938733868e-05,-0.86602252721786)
j.Parent=g
local k=Instance.new"Part"
k.Anchored=true
k.Color=Color3.fromRGB(17,17,17)
k.Material=512
k.Size=Vector3.new(0.20000000298023,0.20000000298023,1.8000000715256)
k.CFrame=CFrame.new(96.310180664062,7.303379535675,-163.01930236816,-0.8660215139389,0.0016878858441487,-0.50000423192978,0.001497131655924,0.99999856948853,0.00078266579657793,0.50000470876694,-7.0766938733868e-05,-0.86602252721786)
k.Parent=g
local l=Instance.new"Part"
l.Anchored=true
l.Color=Color3.fromRGB(17,17,17)
l.Material=512
l.Size=Vector3.new(0.20000000298023,0.20000000298023,1.8000000715256)
l.CFrame=CFrame.new(96.310882568359,7.7033696174622,-163.01930236816,-0.8660215139389,0.0016878858441487,-0.50000423192978,0.001497131655924,0.99999856948853,0.00078266579657793,0.50000470876694,-7.0766938733868e-05,-0.86602252721786)
l.Parent=g
local m=Instance.new"Part"
m.Anchored=true
m.Color=Color3.fromRGB(17,17,17)
m.Material=512
m.Size=Vector3.new(0.20000000298023,0.20000000298023,1.8000000715256)
m.CFrame=CFrame.new(96.309509277344,6.9033780097961,-163.0192565918,-0.8660215139389,0.0016878858441487,-0.50000423192978,0.001497131655924,0.99999856948853,0.00078266579657793,0.50000470876694,-7.0766938733868e-05,-0.86602252721786)
m.Parent=g
local n=Instance.new"Part"
n.Anchored=true
n.Color=Color3.fromRGB(17,17,17)
n.Material=512
n.Size=Vector3.new(0.20000000298023,1.8000004291534,0.20000000298023)
n.CFrame=CFrame.new(98.538192749023,4.8996062278748,-163.15309143066,-0.8660215139389,0.0016878858441487,-0.50000423192978,0.001497131655924,0.99999856948853,0.00078266579657793,0.50000470876694,-7.0766938733868e-05,-0.86602252721786)
n.Parent=g
local o=Instance.new"Part"
o.Anchored=true
o.Color=Color3.fromRGB(17,17,17)
o.Material=512
o.Size=Vector3.new(0.20000000298023,1.8000004291534,0.20000000298023)
o.CFrame=CFrame.new(97.538192749023,4.9011664390564,-164.88511657715,-0.8660215139389,0.0016878858441487,-0.50000423192978,0.001497131655924,0.99999856948853,0.00078266579657793,0.50000470876694,-7.0766938733868e-05,-0.86602252721786)
o.Parent=g
local p=Instance.new"UnionOperation"
p.Anchored=true
p.Color=Color3.fromRGB(17,17,17)
p.Material=512
p.Size=Vector3.new(2.1999995708466,0.20000043511391,2.1999988555908)
p.CFrame=CFrame.new(97.17350769043,5.7018780708313,-163.51918029785,-0.8660215139389,0.0016878858441487,-0.50000423192978,0.001497131655924,0.99999856948853,0.00078266579657793,0.50000470876694,-7.0766938733868e-05,-0.86602252721786)
p.UsePartColor=true
p.Parent=g
local q=Instance.new"Model"
q.WorldPivot=CFrame.new(100.09339141846,4.8018960952759,-153.88333129883,0.86602538824081,0.49999985098839,2.9057261485832e-07,1.6776220945758e-07,2.9057261485832e-07,-0.99999988079071,-0.49999991059303,0.86602538824081,1.6776220945758e-07)
q.Parent=a
local r=Instance.new"Part"
r.Anchored=true
r.Color=Color3.fromRGB(99,95,98)
r.Size=Vector3.new(1,1.6000000238419,1)
r.CFrame=CFrame.new(97.343391418457,4.3935852050781,-158.64646911621,-0.49999985098839,-2.9057261485832e-07,0.86602538824081,-2.9057261485832e-07,0.99999988079071,1.6776220945758e-07,-0.86602538824081,-1.6776220945758e-07,-0.49999991059303)
r.formFactor=2
r.Parent=q
local s=Instance.new"SpecialMesh"
s.Scale=Vector3.new(1,2.25,0.27000001072884)
s.Parent=r
local t=Instance.new"Part"
t.Anchored=true
t.CanCollide=false
t.Color=Color3.fromRGB(99,95,98)
t.Size=Vector3.new(1,10,1)
t.CFrame=CFrame.new(100.09339141846,4.993577003479,-153.88333129883,-0.86602538824081,0.49999985098839,-2.9057261485832e-07,-1.6776220945758e-07,2.9057261485832e-07,0.99999988079071,0.49999991059303,0.86602538824081,-1.6776220945758e-07)
t.formFactor=2
t.Parent=q
local u=Instance.new"SpecialMesh"
u.Scale=Vector3.new(1,1.1000000238419,0.15000000596046)
u.Parent=t
local v=Instance.new"Part"
v.Anchored=true
v.BottomSurface=0
v.TopSurface=0
v.Color=Color3.fromRGB(99,95,98)
v.Size=Vector3.new(1,11.199999809265,1)
v.CFrame=CFrame.new(100.09339141846,6.1103372573853,-153.88331604004,0.86602538824081,0.49999985098839,2.9057261485832e-07,1.6776220945758e-07,2.9057261485832e-07,-0.99999988079071,-0.49999991059303,0.86602538824081,1.6776220945758e-07)
v.formFactor=2
v.Parent=q
local w=Instance.new"SpecialMesh"
w.Scale=Vector3.new(1,1,0.27000001072884)
w.Parent=v
local x=Instance.new"Part"
x.Anchored=true
x.CanCollide=false
x.Color=Color3.fromRGB(99,95,98)
x.Size=Vector3.new(1,0.40000000596046,1)
x.CFrame=CFrame.new(98.843391418457,4.1935729980469,-156.04840087891,-0.49999985098839,-2.9057261485832e-07,0.86602538824081,-2.9057261485832e-07,0.99999988079071,1.6776220945758e-07,-0.86602538824081,-1.6776220945758e-07,-0.49999991059303)
x.formFactor=2
x.Parent=q
local y=Instance.new"CylinderMesh"
y.Scale=Vector3.new(1,10,0.20000000298023)
y.Parent=x
local z=Instance.new"Part"
z.Anchored=true
z.CanCollide=false
z.Color=Color3.fromRGB(99,95,98)
z.Size=Vector3.new(1,0.40000000596046,1)
z.CFrame=CFrame.new(101.34339141846,4.1935749053955,-151.71827697754,-0.49999985098839,-2.9057261485832e-07,0.86602538824081,-2.9057261485832e-07,0.99999988079071,1.6776220945758e-07,-0.86602538824081,-1.6776220945758e-07,-0.49999991059303)
z.formFactor=2
z.Parent=q
local A=Instance.new"CylinderMesh"
A.Scale=Vector3.new(1,10,0.20000000298023)
A.Parent=z
local B=Instance.new"Part"
B.Anchored=true
B.Color=Color3.fromRGB(99,95,98)
B.Size=Vector3.new(1,1.6000000238419,1)
B.CFrame=CFrame.new(102.84339141846,4.3935880661011,-149.12019348145,-0.49999985098839,-2.9057261485832e-07,0.86602538824081,-2.9057261485832e-07,0.99999988079071,1.6776220945758e-07,-0.86602538824081,-1.6776220945758e-07,-0.49999991059303)
B.formFactor=2
B.Parent=q
local C=Instance.new"SpecialMesh"
C.Scale=Vector3.new(1,2.25,0.27000001072884)
C.Parent=B
local D=Instance.new"Part"
D.Anchored=true
D.CanCollide=false
D.Color=Color3.fromRGB(99,95,98)
D.Size=Vector3.new(1,10,1)
D.CFrame=CFrame.new(100.09339141846,3.493577003479,-153.88333129883,-0.86602538824081,-0.49999985098839,2.9057261485832e-07,-1.6776220945758e-07,-2.9057261485832e-07,-0.99999988079071,0.49999991059303,-0.86602538824081,1.6776220945758e-07)
D.formFactor=2
D.Parent=q
local E=Instance.new"SpecialMesh"
E.Scale=Vector3.new(1,1.1000000238419,0.15000000596046)
E.Parent=D
local F=Instance.new"Model"
F.WorldPivot=CFrame.new(94.568382263184,4.8018932342529,-163.45292663574,0.86602538824081,0.49999985098839,2.9057261485832e-07,1.6776220945758e-07,2.9057261485832e-07,-0.99999988079071,-0.49999991059303,0.86602538824081,1.6776220945758e-07)
F.Parent=a
local G=Instance.new"Part"
G.Anchored=true
G.Color=Color3.fromRGB(99,95,98)
G.Size=Vector3.new(1,1.6000000238419,1)
G.CFrame=CFrame.new(91.818382263184,4.3935813903809,-168.21604919434,-0.49999985098839,-2.9057261485832e-07,0.86602538824081,-2.9057261485832e-07,0.99999988079071,1.6776220945758e-07,-0.86602538824081,-1.6776220945758e-07,-0.49999991059303)
G.formFactor=2
G.Parent=F
local H=Instance.new"SpecialMesh"
H.Scale=Vector3.new(1,2.25,0.27000001072884)
H.Parent=G
local I=Instance.new"Part"
I.Anchored=true
I.CanCollide=false
I.Color=Color3.fromRGB(99,95,98)
I.Size=Vector3.new(1,10,1)
I.CFrame=CFrame.new(94.568382263184,4.9935741424561,-163.45292663574,-0.86602538824081,0.49999985098839,-2.9057261485832e-07,-1.6776220945758e-07,2.9057261485832e-07,0.99999988079071,0.49999991059303,0.86602538824081,-1.6776220945758e-07)
I.formFactor=2
I.Parent=F
local J=Instance.new"SpecialMesh"
J.Scale=Vector3.new(1,1.1000000238419,0.15000000596046)
J.Parent=I
local K=Instance.new"Part"
K.Anchored=true
K.BottomSurface=0
K.TopSurface=0
K.Color=Color3.fromRGB(99,95,98)
K.Size=Vector3.new(1,11.199999809265,1)
K.CFrame=CFrame.new(94.568397521973,6.1103343963623,-163.45289611816,0.86602538824081,0.49999985098839,2.9057261485832e-07,1.6776220945758e-07,2.9057261485832e-07,-0.99999988079071,-0.49999991059303,0.86602538824081,1.6776220945758e-07)
K.formFactor=2
K.Parent=F
local L=Instance.new"SpecialMesh"
L.Scale=Vector3.new(1,1,0.27000001072884)
L.Parent=K
local M=Instance.new"Part"
M.Anchored=true
M.CanCollide=false
M.Color=Color3.fromRGB(99,95,98)
M.Size=Vector3.new(1,0.40000000596046,1)
M.CFrame=CFrame.new(93.318382263184,4.1935701370239,-165.61798095703,-0.49999985098839,-2.9057261485832e-07,0.86602538824081,-2.9057261485832e-07,0.99999988079071,1.6776220945758e-07,-0.86602538824081,-1.6776220945758e-07,-0.49999991059303)
M.formFactor=2
M.Parent=F
local N=Instance.new"CylinderMesh"
N.Scale=Vector3.new(1,10,0.20000000298023)
N.Parent=M
local O=Instance.new"Part"
O.Anchored=true
O.CanCollide=false
O.Color=Color3.fromRGB(99,95,98)
O.Size=Vector3.new(1,0.40000000596046,1)
O.CFrame=CFrame.new(95.818382263184,4.1935720443726,-161.28785705566,-0.49999985098839,-2.9057261485832e-07,0.86602538824081,-2.9057261485832e-07,0.99999988079071,1.6776220945758e-07,-0.86602538824081,-1.6776220945758e-07,-0.49999991059303)
O.formFactor=2
O.Parent=F
local P=Instance.new"CylinderMesh"
P.Scale=Vector3.new(1,10,0.20000000298023)
P.Parent=O
local Q=Instance.new"Part"
Q.Anchored=true
Q.Color=Color3.fromRGB(99,95,98)
Q.Size=Vector3.new(1,1.6000000238419,1)
Q.CFrame=CFrame.new(97.318382263184,4.3935852050781,-158.68977355957,-0.49999985098839,-2.9057261485832e-07,0.86602538824081,-2.9057261485832e-07,0.99999988079071,1.6776220945758e-07,-0.86602538824081,-1.6776220945758e-07,-0.49999991059303)
Q.formFactor=2
Q.Parent=F
local R=Instance.new"SpecialMesh"
R.Scale=Vector3.new(1,2.25,0.27000001072884)
R.Parent=Q
local S=Instance.new"Part"
S.Anchored=true
S.CanCollide=false
S.Color=Color3.fromRGB(99,95,98)
S.Size=Vector3.new(1,10,1)
S.CFrame=CFrame.new(94.568382263184,3.4935741424561,-163.45292663574,-0.86602538824081,-0.49999985098839,2.9057261485832e-07,-1.6776220945758e-07,-2.9057261485832e-07,-0.99999988079071,0.49999991059303,-0.86602538824081,1.6776220945758e-07)
S.formFactor=2
S.Parent=F
local T=Instance.new"SpecialMesh"
T.Scale=Vector3.new(1,1.1000000238419,0.15000000596046)
T.Parent=S
local U=Instance.new"Model"
U.WorldPivot=CFrame.new(89.058387756348,4.80189037323,-172.99652099609,0.86602538824081,0.49999985098839,2.9057261485832e-07,1.6776220945758e-07,2.9057261485832e-07,-0.99999988079071,-0.49999991059303,0.86602538824081,1.6776220945758e-07)
U.Parent=a
local V=Instance.new"Part"
V.Anchored=true
V.Color=Color3.fromRGB(99,95,98)
V.Size=Vector3.new(1,1.6000000238419,1)
V.CFrame=CFrame.new(86.308387756348,4.3935785293579,-177.75965881348,-0.49999985098839,-2.9057261485832e-07,0.86602538824081,-2.9057261485832e-07,0.99999988079071,1.6776220945758e-07,-0.86602538824081,-1.6776220945758e-07,-0.49999991059303)
V.formFactor=2
V.Parent=U
local W=Instance.new"SpecialMesh"
W.Scale=Vector3.new(1,2.25,0.27000001072884)
W.Parent=V
local X=Instance.new"Part"
X.Anchored=true
X.CanCollide=false
X.Color=Color3.fromRGB(99,95,98)
X.Size=Vector3.new(1,10,1)
X.CFrame=CFrame.new(89.058387756348,4.9935712814331,-172.99652099609,-0.86602538824081,0.49999985098839,-2.9057261485832e-07,-1.6776220945758e-07,2.9057261485832e-07,0.99999988079071,0.49999991059303,0.86602538824081,-1.6776220945758e-07)
X.formFactor=2
X.Parent=U
local Y=Instance.new"SpecialMesh"
Y.Scale=Vector3.new(1,1.1000000238419,0.15000000596046)
Y.Parent=X
local Za=Instance.new"Part"
Za.Anchored=true
Za.BottomSurface=0
Za.TopSurface=0
Za.Color=Color3.fromRGB(99,95,98)
Za.Size=Vector3.new(1,11.199999809265,1)
Za.CFrame=CFrame.new(89.058403015137,6.1103315353394,-172.99649047852,0.86602538824081,0.49999985098839,2.9057261485832e-07,1.6776220945758e-07,2.9057261485832e-07,-0.99999988079071,-0.49999991059303,0.86602538824081,1.6776220945758e-07)
Za.formFactor=2
Za.Parent=U
local aa=Instance.new"SpecialMesh"
aa.Scale=Vector3.new(1,1,0.27000001072884)
aa.Parent=Za
local ba=Instance.new"Part"
ba.Anchored=true
ba.CanCollide=false
ba.Color=Color3.fromRGB(99,95,98)
ba.Size=Vector3.new(1,0.40000000596046,1)
ba.CFrame=CFrame.new(87.808387756348,4.193567276001,-175.16157531738,-0.49999985098839,-2.9057261485832e-07,0.86602538824081,-2.9057261485832e-07,0.99999988079071,1.6776220945758e-07,-0.86602538824081,-1.6776220945758e-07,-0.49999991059303)
ba.formFactor=2
ba.Parent=U
local ca=Instance.new"CylinderMesh"
ca.Scale=Vector3.new(1,10,0.20000000298023)
ca.Parent=ba
local da=Instance.new"Part"
da.Anchored=true
da.CanCollide=false
da.Color=Color3.fromRGB(99,95,98)
da.Size=Vector3.new(1,0.40000000596046,1)
da.CFrame=CFrame.new(90.308387756348,4.1935682296753,-170.8314666748,-0.49999985098839,-2.9057261485832e-07,0.86602538824081,-2.9057261485832e-07,0.99999988079071,1.6776220945758e-07,-0.86602538824081,-1.6776220945758e-07,-0.49999991059303)
da.formFactor=2
da.Parent=U
local ea=Instance.new"CylinderMesh"
ea.Scale=Vector3.new(1,10,0.20000000298023)
ea.Parent=da
local fa=Instance.new"Part"
fa.Anchored=true
fa.Color=Color3.fromRGB(99,95,98)
fa.Size=Vector3.new(1,1.6000000238419,1)
fa.CFrame=CFrame.new(91.808387756348,4.3935813903809,-168.23338317871,-0.49999985098839,-2.9057261485832e-07,0.86602538824081,-2.9057261485832e-07,0.99999988079071,1.6776220945758e-07,-0.86602538824081,-1.6776220945758e-07,-0.49999991059303)
fa.formFactor=2
fa.Parent=U
local ga=Instance.new"SpecialMesh"
ga.Scale=Vector3.new(1,2.25,0.27000001072884)
ga.Parent=fa
local ha=Instance.new"Part"
ha.Anchored=true
ha.CanCollide=false
ha.Color=Color3.fromRGB(99,95,98)
ha.Size=Vector3.new(1,10,1)
ha.CFrame=CFrame.new(89.058387756348,3.4935712814331,-172.99652099609,-0.86602538824081,-0.49999985098839,2.9057261485832e-07,-1.6776220945758e-07,-2.9057261485832e-07,-0.99999988079071,0.49999991059303,-0.86602538824081,1.6776220945758e-07)
ha.formFactor=2
ha.Parent=U
local ia=Instance.new"SpecialMesh"
ia.Scale=Vector3.new(1,1.1000000238419,0.15000000596046)
ia.Parent=ha
local ja=Instance.new"Model"
ja.WorldPivot=CFrame.new(105.63338470459,4.8018999099731,-144.28778076172,0.86602538824081,0.49999985098839,2.9057261485832e-07,1.6776220945758e-07,2.9057261485832e-07,-0.99999988079071,-0.49999991059303,0.86602538824081,1.6776220945758e-07)
ja.Parent=a
local ka=Instance.new"Part"
ka.Anchored=true
ka.Color=Color3.fromRGB(99,95,98)
ka.Size=Vector3.new(1,1.6000000238419,1)
ka.CFrame=CFrame.new(102.88338470459,4.3935880661011,-149.0509185791,-0.49999985098839,-2.9057261485832e-07,0.86602538824081,-2.9057261485832e-07,0.99999988079071,1.6776220945758e-07,-0.86602538824081,-1.6776220945758e-07,-0.49999991059303)
ka.formFactor=2
ka.Parent=ja
local la=Instance.new"SpecialMesh"
la.Scale=Vector3.new(1,2.25,0.27000001072884)
la.Parent=ka
local ma=Instance.new"Part"
ma.Anchored=true
ma.CanCollide=false
ma.Color=Color3.fromRGB(99,95,98)
ma.Size=Vector3.new(1,10,1)
ma.CFrame=CFrame.new(105.63338470459,4.9935808181763,-144.28778076172,-0.86602538824081,0.49999985098839,-2.9057261485832e-07,-1.6776220945758e-07,2.9057261485832e-07,0.99999988079071,0.49999991059303,0.86602538824081,-1.6776220945758e-07)
ma.formFactor=2
ma.Parent=ja
local na=Instance.new"SpecialMesh"
na.Scale=Vector3.new(1,1.1000000238419,0.15000000596046)
na.Parent=ma
local oa=Instance.new"Part"
oa.Anchored=true
oa.BottomSurface=0
oa.TopSurface=0
oa.Color=Color3.fromRGB(99,95,98)
oa.Size=Vector3.new(1,11.199999809265,1)
oa.CFrame=CFrame.new(105.63339996338,6.1103410720825,-144.28775024414,0.86602538824081,0.49999985098839,2.9057261485832e-07,1.6776220945758e-07,2.9057261485832e-07,-0.99999988079071,-0.49999991059303,0.86602538824081,1.6776220945758e-07)
oa.formFactor=2
oa.Parent=ja
local pa=Instance.new"SpecialMesh"
pa.Scale=Vector3.new(1,1,0.27000001072884)
pa.Parent=oa
local qa=Instance.new"Part"
qa.Anchored=true
qa.CanCollide=false
qa.Color=Color3.fromRGB(99,95,98)
qa.Size=Vector3.new(1,0.40000000596046,1)
qa.CFrame=CFrame.new(104.38338470459,4.1935768127441,-146.45283508301,-0.49999985098839,-2.9057261485832e-07,0.86602538824081,-2.9057261485832e-07,0.99999988079071,1.6776220945758e-07,-0.86602538824081,-1.6776220945758e-07,-0.49999991059303)
qa.formFactor=2
qa.Parent=ja
local ra=Instance.new"CylinderMesh"
ra.Scale=Vector3.new(1,10,0.20000000298023)
ra.Parent=qa
local sa=Instance.new"Part"
sa.Anchored=true
sa.CanCollide=false
sa.Color=Color3.fromRGB(99,95,98)
sa.Size=Vector3.new(1,0.40000000596046,1)
sa.CFrame=CFrame.new(106.8833694458,4.1935777664185,-142.12271118164,-0.49999985098839,-2.9057261485832e-07,0.86602538824081,-2.9057261485832e-07,0.99999988079071,1.6776220945758e-07,-0.86602538824081,-1.6776220945758e-07,-0.49999991059303)
sa.formFactor=2
sa.Parent=ja
local ta=Instance.new"CylinderMesh"
ta.Scale=Vector3.new(1,10,0.20000000298023)
ta.Parent=sa
local ua=Instance.new"Part"
ua.Anchored=true
ua.Color=Color3.fromRGB(99,95,98)
ua.Size=Vector3.new(1,1.6000000238419,1)
ua.CFrame=CFrame.new(108.3833694458,4.393590927124,-139.52464294434,-0.49999985098839,-2.9057261485832e-07,0.86602538824081,-2.9057261485832e-07,0.99999988079071,1.6776220945758e-07,-0.86602538824081,-1.6776220945758e-07,-0.49999991059303)
ua.formFactor=2
ua.Parent=ja
local va=Instance.new"SpecialMesh"
va.Scale=Vector3.new(1,2.25,0.27000001072884)
va.Parent=ua
local wa=Instance.new"Part"
wa.Anchored=true
wa.CanCollide=false
wa.Color=Color3.fromRGB(99,95,98)
wa.Size=Vector3.new(1,10,1)
wa.CFrame=CFrame.new(105.63338470459,3.4935808181763,-144.28778076172,-0.86602538824081,-0.49999985098839,2.9057261485832e-07,-1.6776220945758e-07,-2.9057261485832e-07,-0.99999988079071,0.49999991059303,-0.86602538824081,1.6776220945758e-07)
wa.formFactor=2
wa.Parent=ja
local xa=Instance.new"SpecialMesh"
xa.Scale=Vector3.new(1,1.1000000238419,0.15000000596046)
xa.Parent=wa
local ya=Instance.new"Model"
ya.Name="table"
ya.WorldPivot=CFrame.new(102.98429870605,6.0869760513306,-162.39294433594,-0.00072241836460307,0.87660109996796,0.48121723532677,-0.99999952316284,-0.00098165892995894,0.00028699144604616,0.00072396820178255,-0.48121678829193,0.87660133838654)
ya.Parent=a
local za=Instance.new"Part"
za.Anchored=true
za.BottomSurface=0
za.TopSurface=0
za.Color=Color3.fromRGB(27,42,53)
za.Material=512
za.Size=Vector3.new(8.2230930328369,3.0950634479523,0.55981463193893)
za.CFrame=CFrame.new(100.80087280273,5.3494606018066,-170.43663024902,0.96592456102371,0.0017106487648562,-0.25881808996201,-0.0015332533512264,0.99999845027924,0.00088726013200358,0.25881922245026,-0.00046019267756492,0.96592563390732)
za.CastShadow=false
za.Parent=ya
local Aa=Instance.new"Part"
Aa.Anchored=true
Aa.BottomSurface=0
Aa.TopSurface=0
Aa.Color=Color3.fromRGB(99,95,98)
Aa.Size=Vector3.new(22.078645706177,3.3499999046326,0.54372733831406)
Aa.CFrame=CFrame.new(102.52603149414,5.4780912399292,-161.79357910156,0.50000321865082,0.0017105614533648,-0.86602187156677,-0.00045678604510613,0.99999845027924,0.0017114627407864,0.86602354049683,-0.00046015018597245,0.50000315904617)
Aa.CastShadow=false
Aa.Parent=ya
local Ba=Instance.new"WedgePart"
Ba.Anchored=true
Ba.BottomSurface=0
Ba.Color=Color3.fromRGB(99,95,98)
Ba.Size=Vector3.new(3.4085164070129,3.381858587265,1.1191482543945)
Ba.CFrame=CFrame.new(103.76808166504,5.4627623558044,-168.30252075195,-0.0046548214741051,-0.86602753400803,0.49997475743294,0.9999840259552,-0.0056386040523648,-0.00045690112165175,0.0032148484606296,0.49996465444565,0.86603993177414)
Ba.CastShadow=false
Ba.Parent=ya
local Ca=Instance.new"Part"
Ca.Anchored=true
Ca.BottomSurface=0
Ca.TopSurface=0
Ca.Color=Color3.fromRGB(99,95,98)
Ca.Size=Vector3.new(0.74974882602692,1.8921384811401,1.0036768913269)
Ca.CFrame=CFrame.new(104.37303161621,5.7256813049316,-169.72451782227,-0.25881695747375,0.0017093897331506,-0.96592491865158,0.00088632415281609,0.99999845027924,0.0015322013059631,0.96592599153519,-0.00045956287067384,-0.25881806015968)
Ca.CastShadow=false
Ca.Parent=ya
local Da=Instance.new"Part"
Da.Anchored=true
Da.BottomSurface=0
Da.TopSurface=0
Da.Color=Color3.fromRGB(99,95,98)
Da.Size=Vector3.new(4.4744181632996,0.67732465267181,0.89999997615814)
Da.CFrame=CFrame.new(101.26684570312,5.2631878852844,-170.55706787109,-0.68179827928543,0.25882610678673,-0.6842223405838,0.70819240808487,-0.00088750378927216,-0.70601898431778,-0.18334339559078,-0.96592366695404,-0.1826935261488)
Da.CastShadow=false
Da.Parent=ya
local Ea=Instance.new"Part"
Ea.Anchored=true
Ea.BottomSurface=0
Ea.TopSurface=0
Ea.Transparency=0.7
Ea.Color=Color3.fromRGB(248,248,248)
Ea.Size=Vector3.new(8.6878852844238,1.9521452188492,0.48462957143784)
Ea.CFrame=CFrame.new(101.10856628418,5.8582034111023,-170.69345092773,0.96592456102371,0.0017106493469328,-0.25881835818291,-0.0015332538168877,0.99999845027924,0.00088726065587252,0.25881949067116,-0.0004601925611496,0.96592557430267)
Ea.CastShadow=false
Ea.Parent=ya
local Fa=Instance.new"Part"
Fa.Anchored=true
Fa.BottomSurface=0
Fa.TopSurface=0
Fa.Color=Color3.fromRGB(99,95,98)
Fa.Size=Vector3.new(11,0.79420655965805,0.17288473248482)
Fa.CFrame=CFrame.new(108.3251953125,3.5282862186432,-165.22911071777,0.50000321865082,0.0017105614533648,-0.86602187156677,-0.00045678604510613,0.99999845027924,0.0017114627407864,0.86602354049683,-0.00046015018597245,0.50000315904617)
Fa.CastShadow=false
Fa.Parent=ya
local Ga=Instance.new"Part"
Ga.Anchored=true
Ga.BottomSurface=0
Ga.TopSurface=0
Ga.Transparency=0.7
Ga.Color=Color3.fromRGB(248,248,248)
Ga.Size=Vector3.new(8.0781164169312,1.7865900993347,0.42742091417313)
Ga.CFrame=CFrame.new(109.46762084961,5.675763130188,-156.03900146484,-0.258819013834,0.0017104874132201,-0.96592438220978,0.00088724651141092,0.99999845027924,0.0015330895548686,0.96592545509338,-0.00046022026799619,-0.25882017612457)
Ga.CastShadow=false
Ga.Parent=ya
local Ha=Instance.new"Part"
Ha.Anchored=true
Ha.BottomSurface=0
Ha.TopSurface=0
Ha.Color=Color3.fromRGB(99,95,98)
Ha.Size=Vector3.new(8.8161020278931,0.75168883800507,0.29999998211861)
Ha.CFrame=CFrame.new(109.75170898438,3.8664803504944,-156.18200683594,-0.25881719589233,0.0017104868311435,-0.96592491865158,0.00088724511442706,0.99999845027924,0.0015330901369452,0.96592599153519,-0.00046022192691453,-0.25881829857826)
Ha.CastShadow=false
Ha.Parent=ya
local Ia=Instance.new"Part"
Ia.Anchored=true
Ia.BottomSurface=0
Ia.TopSurface=0
Ia.Color=Color3.fromRGB(99,95,98)
Ia.Size=Vector3.new(8.7670698165894,1,0.35615733265877)
Ia.CFrame=CFrame.new(101.25245666504,3.7652287483215,-170.99713134766,0.96592229604721,0.0017093649366871,-0.25882694125175,-0.0015322357648984,0.99999845027924,0.00088608200894669,0.25882807374001,-0.00045930236228742,0.96592330932617)
Ia.CastShadow=false
Ia.Parent=ya
local Ja=Instance.new"Part"
Ja.Anchored=true
Ja.BottomSurface=0
Ja.TopSurface=0
Ja.Color=Color3.fromRGB(248,248,248)
Ja.Material=288
Ja.Size=Vector3.new(8.7715997695923,0.17467540502548,0.23999999463558)
Ja.CFrame=CFrame.new(101.14373779297,6.9194145202637,-170.89120483398,0.96592462062836,0.0017106487648562,-0.25881811976433,-0.0015332534676418,0.99999845027924,0.00088726019021124,0.25881925225258,-0.00046019267756492,0.96592563390732)
Ja.CastShadow=false
Ja.Parent=ya
local Ka=Instance.new"Part"
Ka.Anchored=true
Ka.BottomSurface=0
Ka.TopSurface=0
Ka.Transparency=0.7
Ka.Color=Color3.fromRGB(248,248,248)
Ka.Size=Vector3.new(11.215883255005,2.6539239883423,0.53309667110443)
Ka.CFrame=CFrame.new(107.79483032227,5.4694247245789,-164.73808288574,0.50000321865082,0.0017105613369495,-0.86602187156677,-0.0004567860160023,0.99999845027924,0.0017114628572017,0.86602348089218,-0.00046015024418011,0.50000321865082)
Ka.CastShadow=false
Ka.Parent=ya
local La=Instance.new"Part"
La.Anchored=true
La.BottomSurface=0
La.TopSurface=0
La.Transparency=1
La.Color=Color3.fromRGB(27,42,53)
La.Material=512
La.Size=Vector3.new(4.8486747741699,3.8392491340637,0.30749768018723)
La.CFrame=CFrame.new(107.73999023438,5.5230989456177,-164.60739135742,0.50000321865082,0.0017105613369495,-0.86602187156677,-0.0004567860160023,0.99999845027924,0.0017114628572017,0.86602348089218,-0.00046015024418011,0.50000321865082)
La.CastShadow=false
La.Parent=ya
local Ma=Instance.new"Decal"
Ma.Name="RoSportsLogo"
Ma.Texture="rbxassetid://8239467535"
Ma.Parent=La
local Na=Instance.new"WedgePart"
Na.Anchored=true
Na.BottomSurface=0
Na.Color=Color3.fromRGB(99,95,98)
Na.Size=Vector3.new(3.3659489154816,6.0316872596741,6.2973074913025)
Na.CFrame=CFrame.new(108.99681091309,5.4771656990051,-156.34693908691,0.00072362134233117,0.87659573554993,-0.48122695088387,0.99999952316284,-0.00098309863824397,-0.00028709747130051,-0.00072476203786209,-0.48122650384903,-0.87659597396851)
Na.CastShadow=false
Na.Parent=ya
local Oa=Instance.new"Part"
Oa.Anchored=true
Oa.BottomSurface=0
Oa.TopSurface=0
Oa.Color=Color3.fromRGB(99,95,98)
Oa.Size=Vector3.new(8.8161020278931,1,0.86156749725342)
Oa.CFrame=CFrame.new(109.41893005371,4.2936611175537,-156.27142333984,-0.25881764292717,0.0017104849684983,-0.96592473983765,0.0008872440084815,0.99999845027924,0.0015330883907154,0.9659258723259,-0.00046022052993067,-0.2588187456131)
Oa.CastShadow=false
Oa.Parent=ya
local Pa=Instance.new"Part"
Pa.Anchored=true
Pa.BottomSurface=0
Pa.TopSurface=0
Pa.Color=Color3.fromRGB(99,95,98)
Pa.Size=Vector3.new(11,0.79420655965805,0.17288473248482)
Pa.CFrame=CFrame.new(108.22958374023,3.8695774078369,-165.17373657227,0.50000321865082,0.0017105614533648,-0.86602187156677,-0.00045678604510613,0.99999845027924,0.0017114627407864,0.86602354049683,-0.00046015018597245,0.50000315904617)
Pa.CastShadow=false
Pa.Parent=ya
local Qa=Instance.new"Part"
Qa.Anchored=true
Qa.BottomSurface=0
Qa.TopSurface=0
Qa.Color=Color3.fromRGB(27,42,53)
Qa.Material=512
Qa.Size=Vector3.new(8.0781164169312,3.0695436000824,0.35129383206367)
Qa.CFrame=CFrame.new(109.41650390625,5.3286080360413,-156.05250549316,-0.25881895422935,0.0017105207080022,-0.96592444181442,0.00088727311231196,0.99999845027924,0.0015331169124693,0.96592539548874,-0.00046023901086301,-0.25882011651993)
Qa.CastShadow=false
Qa.Parent=ya
local Ra=Instance.new"Part"
Ra.Anchored=true
Ra.BottomSurface=0
Ra.TopSurface=0
Ra.Color=Color3.fromRGB(99,95,98)
Ra.Size=Vector3.new(11,0.69536101818085,0.52821731567383)
Ra.CFrame=CFrame.new(107.92306518555,6.826277256012,-164.99543762207,0.50000685453415,0.0017092908965424,-0.86601984500885,-0.00045687271631323,0.99999845027924,0.0017099479446188,0.86602139472961,-0.00045932485954836,0.50000685453415)
Ra.CastShadow=false
Ra.Parent=ya
local Sa=Instance.new"Part"
Sa.Anchored=true
Sa.BottomSurface=0
Sa.TopSurface=0
Sa.Color=Color3.fromRGB(99,95,98)
Sa.Size=Vector3.new(8.7715997695923,0.70432037115097,0.38886812329292)
Sa.CFrame=CFrame.new(101.11688232422,6.8509397506714,-170.79174804688,0.96592456102371,0.0017106487648562,-0.25881808996201,-0.0015332533512264,0.99999845027924,0.00088726013200358,0.25881922245026,-0.00046019267756492,0.96592563390732)
Sa.CastShadow=false
Sa.Parent=ya
local Ta=Instance.new"WedgePart"
Ta.Anchored=true
Ta.BottomSurface=0
Ta.Color=Color3.fromRGB(99,95,98)
Ta.Size=Vector3.new(3.3987627029419,3.381858587265,9.8800001144409)
Ta.CFrame=CFrame.new(106.51824951172,5.4650568962097,-163.53897094727,0.004654738586396,-0.86602264642715,-0.49998316168785,-0.9999840259552,-0.0056385523639619,0.00045691567356698,-0.0032148803584278,0.49997302889824,-0.86603510379791)
Ta.CastShadow=false
Ta.Parent=ya
local Ua=Instance.new"WedgePart"
Ua.Anchored=true
Ua.BottomSurface=0
Ua.Color=Color3.fromRGB(99,95,98)
Ua.Size=Vector3.new(3.75186419487,3.5208444595337,6.9920372962952)
Ua.CFrame=CFrame.new(100.95373535156,5.1535973548889,-170.45919799805,-0.049062311649323,0.64516240358353,0.76246869564056,-0.99712836742401,-0.075730755925179,-8.233824337367e-05,0.05768920853734,-0.76028311252594,0.64702522754669)
Ua.CastShadow=false
Ua.Parent=ya
local Va=Instance.new"Part"
Va.Anchored=true
Va.BottomSurface=0
Va.TopSurface=0
Va.Color=Color3.fromRGB(27,42,53)
Va.Material=512
Va.Size=Vector3.new(11.215883255005,3.2750134468079,0.30749768018723)
Va.CFrame=CFrame.new(107.69702148438,5.3984723091125,-164.681640625,0.50000321865082,0.0017105613369495,-0.86602187156677,-0.0004567860160023,0.99999845027924,0.0017114628572017,0.86602348089218,-0.00046015024418011,0.50000321865082)
Va.CastShadow=false
Va.Parent=ya
local Wa=Instance.new"Part"
Wa.Anchored=true
Wa.BottomSurface=0
Wa.TopSurface=0
Wa.Color=Color3.fromRGB(99,95,98)
Wa.Size=Vector3.new(8.8161020278931,0.75168883800507,0.29999998211861)
Wa.CFrame=CFrame.new(109.86901855469,3.5424153804779,-156.2431640625,-0.25881764292717,0.0017104849684983,-0.96592473983765,0.0008872440084815,0.99999845027924,0.0015330883907154,0.9659258723259,-0.00046022052993067,-0.2588187456131)
Wa.CastShadow=false
Wa.Parent=ya
local Xa=Instance.new"Part"
Xa.Anchored=true
Xa.BottomSurface=0
Xa.TopSurface=0
Xa.Color=Color3.fromRGB(248,248,248)
Xa.Material=288
Xa.Size=Vector3.new(8.7200002670288,0.15394055843353,0.43596172332764)
Xa.CFrame=CFrame.new(109.59962463379,6.8966860771179,-156.1867980957,-0.25882068276405,0.0017104923026636,-0.96592390537262,0.00088724360102788,0.99999845027924,0.0015330944443122,0.96592503786087,-0.00046021319576539,-0.2588218152523)
Xa.CastShadow=false
Xa.Parent=ya
local Ya=Instance.new"Part"
Ya.Anchored=true
Ya.BottomSurface=0
Ya.TopSurface=0
Ya.Color=Color3.fromRGB(99,95,98)
Ya.Size=Vector3.new(0.74974882602692,1.8921384811401,1.0036768913269)
Ya.CFrame=CFrame.new(110.04643249512,5.6108112335205,-159.2946472168,-0.25881996750832,0.0017105487640947,-0.96592408418655,0.00088730297284201,0.99999845027924,0.0015331374015659,0.96592515707016,-0.00046026072232053,-0.25882109999657)
Ya.CastShadow=false
Ya.Parent=ya
local Zb=Instance.new"Part"
Zb.Anchored=true
Zb.BottomSurface=0
Zb.TopSurface=0
Zb.Color=Color3.fromRGB(99,95,98)
Zb.Size=Vector3.new(8.7670698165894,1,0.44557955861092)
Zb.CFrame=CFrame.new(101.19654846191,4.3011159896851,-170.78535461426,0.96592026948929,0.001709389151074,-0.25883403420448,-0.0015322860563174,0.99999845027924,0.00088597403373569,0.25883516669273,-0.00045917244278826,0.96592140197754)
Zb.CastShadow=false
Zb.Parent=ya
local ab=Instance.new"WedgePart"
ab.Anchored=true
ab.BottomSurface=0
ab.Color=Color3.fromRGB(99,95,98)
ab.Size=Vector3.new(3.3659489154816,6.0316872596741,15.781153678894)
ab.CFrame=CFrame.new(103.6842956543,5.4740715026855,-166.02395629883,-0.00072241836460307,0.87660109996796,0.48121723532677,-0.99999952316284,-0.00098165892995894,0.00028699144604616,0.00072396820178255,-0.48121678829193,0.87660133838654)
ab.CastShadow=false
ab.Parent=ya
local bb=Instance.new"Part"
bb.Anchored=true
bb.BottomSurface=0
bb.TopSurface=0
bb.Color=Color3.fromRGB(99,95,98)
bb.Size=Vector3.new(8.7200002670288,0.63674694299698,0.79608160257339)
bb.CFrame=CFrame.new(109.38192749023,6.8412594795227,-156.24493408203,-0.25882068276405,0.0017104923026636,-0.96592390537262,0.00088724365923554,0.99999845027924,0.0015330945607275,0.96592503786087,-0.00046021322486922,-0.2588218152523)
bb.CastShadow=false
bb.Parent=ya
local cb=Instance.new"Part"
cb.Anchored=true
cb.BottomSurface=0
cb.TopSurface=0
cb.Color=Color3.fromRGB(99,95,98)
cb.Size=Vector3.new(4.4744181632996,0.67732465267181,0.89999997615814)
cb.CFrame=CFrame.new(109.16737365723,5.1948318481445,-155.68460083008,-0.18180415034294,0.18422627449036,-0.96592336893082,0.70773911476135,0.70647221803665,0.0015330913010985,0.68268048763275,-0.68334299325943,-0.25882375240326)
cb.CastShadow=false
cb.Parent=ya
local db=Instance.new"Part"
db.Anchored=true
db.BottomSurface=0
db.TopSurface=0
db.Color=Color3.fromRGB(99,95,98)
db.Size=Vector3.new(11,1,0.47820949554443)
db.CFrame=CFrame.new(108.03327941895,4.292040348053,-165.06018066406,0.50000321865082,0.0017105614533648,-0.86602187156677,-0.00045678604510613,0.99999845027924,0.0017114627407864,0.86602354049683,-0.00046015018597245,0.50000315904617)
db.CastShadow=false
db.Parent=ya
local eb=Instance.new"Part"
eb.Anchored=true
eb.BottomSurface=0
eb.TopSurface=0
eb.Color=Color3.fromRGB(248,248,248)
eb.Material=288
eb.Size=Vector3.new(11,0.15457302331924,0.52821731567383)
eb.CFrame=CFrame.new(107.96105957031,6.9104170799255,-165.01733398438,0.50000190734863,0.0017094194190577,-0.86602264642715,-0.00045690528349951,0.99999845027924,0.0017100744880736,0.86602425575256,-0.00045935015077703,0.50000184774399)
eb.CastShadow=false
eb.Parent=ya
local fb=Instance.new"Model"
fb.Name="Chair"
fb.WorldPivot=CFrame.new(101.32427215576,6.0957217216492,-156.33065795898,-0.8660215139389,0.0016878858441487,-0.50000423192978,0.001497131655924,0.99999856948853,0.00078266579657793,0.50000470876694,-7.0766938733868e-05,-0.86602252721786)
fb.Parent=a
local gb=Instance.new"Part"
gb.Anchored=true
gb.Color=Color3.fromRGB(17,17,17)
gb.Material=512
gb.Size=Vector3.new(0.20000000298023,4.2000002861023,0.20000000298023)
gb.CFrame=CFrame.new(100.95824432373,6.0966649055481,-154.96463012695,-0.86602181196213,0.0016878853784874,-0.50000435113907,0.0014971324708313,0.99999856948853,0.0007826664368622,0.50000464916229,-7.0767113356851e-05,-0.86602228879929)
gb.Parent=fb
local hb=Instance.new"Part"
hb.Anchored=true
hb.Color=Color3.fromRGB(17,17,17)
hb.Material=512
hb.Size=Vector3.new(0.20000000298023,4.2000002861023,0.20000000298023)
hb.CFrame=CFrame.new(99.95824432373,6.0980777740479,-156.69665527344,-0.86602181196213,0.0016878853784874,-0.50000435113907,0.0014971324708313,0.99999856948853,0.0007826664368622,0.50000464916229,-7.0767113356851e-05,-0.86602228879929)
hb.Parent=fb
local ib=Instance.new"Part"
ib.Anchored=true
ib.Color=Color3.fromRGB(17,17,17)
ib.Material=512
ib.Size=Vector3.new(0.20000000298023,0.20000000298023,1.8000000715256)
ib.CFrame=CFrame.new(100.4616317749,8.0974149703979,-155.8307800293,-0.86602181196213,0.0016878853784874,-0.50000435113907,0.0014971324708313,0.99999856948853,0.0007826664368622,0.50000464916229,-7.0767113356851e-05,-0.86602228879929)
ib.Parent=fb
local jb=Instance.new"Part"
jb.Anchored=true
jb.Color=Color3.fromRGB(17,17,17)
jb.Material=512
jb.Size=Vector3.new(0.20000000298023,0.20000000298023,1.8000000715256)
