local endZoneOne = game:GetService("Workspace").Models.Field.Grass.Endzone.One.SurfaceGui.TextLabel
local endZone1Grass = game:GetService("Workspace").Models.Field.Grass.Endzone.One
local endZoneOneDecal = Instance.new("Decal",endZone1Grass)
local endZoneTwo = game:GetService("Workspace").Models.Field.Grass.Endzone.Two.SurfaceGui.TextLabel
local endZone2Grass = game:GetService("Workspace").Models.Field.Grass.Endzone.Two
local endZoneTwoDecal = Instance.new("Decal",endZone2Grass)
local middleLogo = game:GetService("Workspace").Models.Field.Grass.Normal.Mid.SurfaceGui.ImageLabel
local fieldLogoPart1 = Instance.new("Part",game:GetService("Workspace"))
local fieldLogoDecal1 = Instance.new("Decal",fieldLogoPart1)
local fieldLogoPart2 = Instance.new("Part",game:GetService("Workspace"))
local fieldLogoDecal2 = Instance.new("Decal",fieldLogoPart2)


local rspnLogo = Instance.new("MeshPart",fieldLogoPart2)
rspnLogo.Size = Vector3.new(6, 6, 6)
rspnLogo.Position = Vector3.new(0, 28.974, 0)
rspnLogo.Rotation = Vector3.new(0, -90, 0)
rspnLogo.Anchored = true
rspnLogo.MeshId = "rbxassetid://8247020249"
rspnLogo.Transparency = 1
rspnLogo.BrickColor = BrickColor.new (Color3.fromHex("#FFFFFF"))

local rspnLogoRotation = -90

local isLogoOn = false
local isOnFieldSetOn = false

local a

game.Players.LocalPlayer:GetMouse().KeyDown:Connect(function(key)
if key == "v" then
	if (isLogoOn == false) then
		isLogoOn = true
		rspnLogo.Transparency = 0
		repeat
			rspnLogo.Rotation = Vector3.new(0, rspnLogoRotation, 0)
			wait(.01)
			rspnLogoRotation = rspnLogoRotation+1
		until isLogoOn == false
	else
	isLogoOn = false
	rspnLogo.Transparency = 1
		
	end					
end
if key == "j" then	
	if (isOnFieldSetOn == false) then
		isOnFieldSetOn = true
		
a=Instance.new"Model"
a.WorldPivot=CFrame.new(104.23616790771,7.8165769577026,-162.6202545166,-0.49999985098839,-2.9057261485832e-07,0.86602538824081,-2.9057261485832e-07,0.99999988079071,1.6776220945758e-07,-0.86602538824081,-1.6776220945758e-07,-0.49999991059303)
local b=Instance.new"Part"
b.Anchored=true
b.BottomSurface=0
b.TopSurface=0
b.Color=Color3.fromRGB(91,93,105)
b.Material=512
b.Size=Vector3.new(31.219999313354,0.62000000476837,14.710000991821)
b.CFrame=CFrame.new(106.00830841064,18.737409591675,-161.75328063965,-0.49999985098839,-2.9057261485832e-07,0.86602538824081,-2.9057261485832e-07,0.99999988079071,1.6776220945758e-07,-0.86602538824081,-1.6776220945758e-07,-0.49999991059303)
b.Parent=a
local c=Instance.new"TrussPart"
c.Anchored=true
c.Color=Color3.fromRGB(91,93,105)
c.Material=512
c.Reflectance=0.8
c.Size=Vector3.new(2,22,2)
c.CFrame=CFrame.new(107.79132843018,7.5857419967651,-146.7142791748,0.86602538824081,1.9371506709831e-07,-0.49999982118607,1.6776220945758e-07,-0.99999982118607,-9.68575193383e-08,-0.49999991059303,0,-0.86602532863617)
c.Parent=a
local d=Instance.new"TrussPart"
d.Anchored=true
d.Color=Color3.fromRGB(91,93,105)
d.Material=512
d.Reflectance=0.8
d.Size=Vector3.new(2,22,2)
d.CFrame=CFrame.new(93.97632598877,7.5857343673706,-170.64256286621,0.86602538824081,1.9371506709831e-07,-0.49999982118607,1.6776220945758e-07,-0.99999982118607,-9.68575193383e-08,-0.49999991059303,0,-0.86602532863617)
d.Parent=a
local e=Instance.new"TrussPart"
e.Anchored=true
e.Color=Color3.fromRGB(91,93,105)
e.Material=512
e.Reflectance=0.8
e.Size=Vector3.new(2,22,2)
e.CFrame=CFrame.new(104.39461517334,7.5857362747192,-176.65754699707,0.86602538824081,1.9371506709831e-07,-0.49999982118607,1.6776220945758e-07,-0.99999982118607,-9.68575193383e-08,-0.49999991059303,0,-0.86602532863617)
e.Parent=a
local f=Instance.new"TrussPart"
f.Anchored=true
f.Color=Color3.fromRGB(91,93,105)
f.Material=512
f.Reflectance=0.8
f.Size=Vector3.new(2,22,2)
f.CFrame=CFrame.new(118.41960906982,7.5857439041138,-152.36555480957,0.86602538824081,1.9371506709831e-07,-0.49999982118607,1.6776220945758e-07,-0.99999982118607,-9.68575193383e-08,-0.49999991059303,0,-0.86602532863617)
f.Parent=a
local g=Instance.new"Model"
g.Name="Chair"
g.WorldPivot=CFrame.new(97.174194335938,6.1019005775452,-163.51921081543,-0.8660215139389,0.0016878858441487,-0.50000423192978,0.001497131655924,0.99999856948853,0.00078266579657793,0.50000470876694,-7.0766938733868e-05,-0.86602252721786)
g.Parent=a
local h=Instance.new"Part"
h.Anchored=true
h.Color=Color3.fromRGB(17,17,17)
h.Material=512
h.Size=Vector3.new(0.20000000298023,4.2000002861023,0.20000000298023)
h.CFrame=CFrame.new(96.808166503906,6.1025967597961,-162.1531829834,-0.8660215139389,0.0016878858441487,-0.50000423192978,0.001497131655924,0.99999856948853,0.00078266579657793,0.50000470876694,-7.0766938733868e-05,-0.86602252721786)
h.Parent=g
local i=Instance.new"Part"
i.Anchored=true
i.Color=Color3.fromRGB(17,17,17)
i.Material=512
i.Size=Vector3.new(0.20000000298023,4.2000002861023,0.20000000298023)
i.CFrame=CFrame.new(95.808166503906,6.1041617393494,-163.88520812988,-0.8660215139389,0.0016878858441487,-0.50000423192978,0.001497131655924,0.99999856948853,0.00078266579657793,0.50000470876694,-7.0766938733868e-05,-0.86602252721786)
i.Parent=g
local j=Instance.new"Part"
j.Anchored=true
j.Color=Color3.fromRGB(17,17,17)
j.Material=512
j.Size=Vector3.new(0.20000000298023,0.20000000298023,1.8000000715256)
j.CFrame=CFrame.new(96.311553955078,8.1033802032471,-163.01933288574,-0.8660215139389,0.0016878858441487,-0.50000423192978,0.001497131655924,0.99999856948853,0.00078266579657793,0.50000470876694,-7.0766938733868e-05,-0.86602252721786)
j.Parent=g
local k=Instance.new"Part"
k.Anchored=true
k.Color=Color3.fromRGB(17,17,17)
k.Material=512
k.Size=Vector3.new(0.20000000298023,0.20000000298023,1.8000000715256)
k.CFrame=CFrame.new(96.310180664062,7.303379535675,-163.01930236816,-0.8660215139389,0.0016878858441487,-0.50000423192978,0.001497131655924,0.99999856948853,0.00078266579657793,0.50000470876694,-7.0766938733868e-05,-0.86602252721786)
k.Parent=g
local l=Instance.new"Part"
l.Anchored=true
l.Color=Color3.fromRGB(17,17,17)
l.Material=512
l.Size=Vector3.new(0.20000000298023,0.20000000298023,1.8000000715256)
l.CFrame=CFrame.new(96.310882568359,7.7033696174622,-163.01930236816,-0.8660215139389,0.0016878858441487,-0.50000423192978,0.001497131655924,0.99999856948853,0.00078266579657793,0.50000470876694,-7.0766938733868e-05,-0.86602252721786)
l.Parent=g
local m=Instance.new"Part"
m.Anchored=true
m.Color=Color3.fromRGB(17,17,17)
m.Material=512
m.Size=Vector3.new(0.20000000298023,0.20000000298023,1.8000000715256)
m.CFrame=CFrame.new(96.309509277344,6.9033780097961,-163.0192565918,-0.8660215139389,0.0016878858441487,-0.50000423192978,0.001497131655924,0.99999856948853,0.00078266579657793,0.50000470876694,-7.0766938733868e-05,-0.86602252721786)
m.Parent=g
local n=Instance.new"Part"
n.Anchored=true
n.Color=Color3.fromRGB(17,17,17)
n.Material=512
n.Size=Vector3.new(0.20000000298023,1.8000004291534,0.20000000298023)
n.CFrame=CFrame.new(98.538192749023,4.8996062278748,-163.15309143066,-0.8660215139389,0.0016878858441487,-0.50000423192978,0.001497131655924,0.99999856948853,0.00078266579657793,0.50000470876694,-7.0766938733868e-05,-0.86602252721786)
n.Parent=g
local o=Instance.new"Part"
o.Anchored=true
o.Color=Color3.fromRGB(17,17,17)
o.Material=512
o.Size=Vector3.new(0.20000000298023,1.8000004291534,0.20000000298023)
o.CFrame=CFrame.new(97.538192749023,4.9011664390564,-164.88511657715,-0.8660215139389,0.0016878858441487,-0.50000423192978,0.001497131655924,0.99999856948853,0.00078266579657793,0.50000470876694,-7.0766938733868e-05,-0.86602252721786)
o.Parent=g
local p=Instance.new"UnionOperation"
p.Anchored=true
p.Color=Color3.fromRGB(17,17,17)
p.Material=512
p.Size=Vector3.new(2.1999995708466,0.20000043511391,2.1999988555908)
p.CFrame=CFrame.new(97.17350769043,5.7018780708313,-163.51918029785,-0.8660215139389,0.0016878858441487,-0.50000423192978,0.001497131655924,0.99999856948853,0.00078266579657793,0.50000470876694,-7.0766938733868e-05,-0.86602252721786)
p.UsePartColor=true
p.Parent=g
local q=Instance.new"Model"
q.Name="table"
q.WorldPivot=CFrame.new(102.98429870605,6.0869760513306,-162.39294433594,-0.00072241836460307,0.87660109996796,0.48121723532677,-0.99999952316284,-0.00098165892995894,0.00028699144604616,0.00072396820178255,-0.48121678829193,0.87660133838654)
q.Parent=a
local r=Instance.new"Part"
r.Anchored=true
r.BottomSurface=0
r.TopSurface=0
r.Color=Color3.fromRGB(27,42,53)
r.Material=512
r.Size=Vector3.new(8.2230930328369,3.0950634479523,0.55981463193893)
r.CFrame=CFrame.new(100.80087280273,5.3494606018066,-170.43663024902,0.96592456102371,0.0017106487648562,-0.25881808996201,-0.0015332533512264,0.99999845027924,0.00088726013200358,0.25881922245026,-0.00046019267756492,0.96592563390732)
r.CastShadow=false
r.Parent=q
local s=Instance.new"Part"
s.Anchored=true
s.BottomSurface=0
s.TopSurface=0
s.Color=Color3.fromRGB(99,95,98)
s.Size=Vector3.new(22.078645706177,3.3499999046326,0.54372733831406)
s.CFrame=CFrame.new(102.52603149414,5.4780912399292,-161.79357910156,0.50000321865082,0.0017105614533648,-0.86602187156677,-0.00045678604510613,0.99999845027924,0.0017114627407864,0.86602354049683,-0.00046015018597245,0.50000315904617)
s.CastShadow=false
s.Parent=q
local t=Instance.new"WedgePart"
t.Anchored=true
t.BottomSurface=0
t.Color=Color3.fromRGB(99,95,98)
t.Size=Vector3.new(3.4085164070129,3.381858587265,1.1191482543945)
t.CFrame=CFrame.new(103.76808166504,5.4627623558044,-168.30252075195,-0.0046548214741051,-0.86602753400803,0.49997475743294,0.9999840259552,-0.0056386040523648,-0.00045690112165175,0.0032148484606296,0.49996465444565,0.86603993177414)
t.CastShadow=false
t.Parent=q
local u=Instance.new"Part"
u.Anchored=true
u.BottomSurface=0
u.TopSurface=0
u.Color=Color3.fromRGB(99,95,98)
u.Size=Vector3.new(0.74974882602692,1.8921384811401,1.0036768913269)
u.CFrame=CFrame.new(104.37303161621,5.7256813049316,-169.72451782227,-0.25881695747375,0.0017093897331506,-0.96592491865158,0.00088632415281609,0.99999845027924,0.0015322013059631,0.96592599153519,-0.00045956287067384,-0.25881806015968)
u.CastShadow=false
u.Parent=q
local v=Instance.new"Part"
v.Anchored=true
v.BottomSurface=0
v.TopSurface=0
v.Color=Color3.fromRGB(99,95,98)
v.Size=Vector3.new(4.4744181632996,0.67732465267181,0.89999997615814)
v.CFrame=CFrame.new(101.26684570312,5.2631878852844,-170.55706787109,-0.68179827928543,0.25882610678673,-0.6842223405838,0.70819240808487,-0.00088750378927216,-0.70601898431778,-0.18334339559078,-0.96592366695404,-0.1826935261488)
v.CastShadow=false
v.Parent=q
local w=Instance.new"Part"
w.Anchored=true
w.BottomSurface=0
w.TopSurface=0
w.Transparency=0.7
w.Color=Color3.fromRGB(248,248,248)
w.Size=Vector3.new(8.6878852844238,1.9521452188492,0.48462957143784)
w.CFrame=CFrame.new(101.10856628418,5.8582034111023,-170.69345092773,0.96592456102371,0.0017106493469328,-0.25881835818291,-0.0015332538168877,0.99999845027924,0.00088726065587252,0.25881949067116,-0.0004601925611496,0.96592557430267)
w.CastShadow=false
w.Parent=q
local x=Instance.new"Part"
x.Anchored=true
x.BottomSurface=0
x.TopSurface=0
x.Color=Color3.fromRGB(99,95,98)
x.Size=Vector3.new(11,0.79420655965805,0.17288473248482)
x.CFrame=CFrame.new(108.3251953125,3.5282862186432,-165.22911071777,0.50000321865082,0.0017105614533648,-0.86602187156677,-0.00045678604510613,0.99999845027924,0.0017114627407864,0.86602354049683,-0.00046015018597245,0.50000315904617)
x.CastShadow=false
x.Parent=q
local y=Instance.new"Part"
y.Anchored=true
y.BottomSurface=0
y.TopSurface=0
y.Transparency=0.7
y.Color=Color3.fromRGB(248,248,248)
y.Size=Vector3.new(8.0781164169312,1.7865900993347,0.42742091417313)
y.CFrame=CFrame.new(109.46762084961,5.675763130188,-156.03900146484,-0.258819013834,0.0017104874132201,-0.96592438220978,0.00088724651141092,0.99999845027924,0.0015330895548686,0.96592545509338,-0.00046022026799619,-0.25882017612457)
y.CastShadow=false
y.Parent=q
local z=Instance.new"Part"
z.Anchored=true
z.BottomSurface=0
z.TopSurface=0
z.Color=Color3.fromRGB(99,95,98)
z.Size=Vector3.new(8.8161020278931,0.75168883800507,0.29999998211861)
z.CFrame=CFrame.new(109.75170898438,3.8664803504944,-156.18200683594,-0.25881719589233,0.0017104868311435,-0.96592491865158,0.00088724511442706,0.99999845027924,0.0015330901369452,0.96592599153519,-0.00046022192691453,-0.25881829857826)
z.CastShadow=false
z.Parent=q
local A=Instance.new"Part"
A.Anchored=true
A.BottomSurface=0
A.TopSurface=0
A.Color=Color3.fromRGB(99,95,98)
A.Size=Vector3.new(8.7670698165894,1,0.35615733265877)
A.CFrame=CFrame.new(101.25245666504,3.7652287483215,-170.99713134766,0.96592229604721,0.0017093649366871,-0.25882694125175,-0.0015322357648984,0.99999845027924,0.00088608200894669,0.25882807374001,-0.00045930236228742,0.96592330932617)
A.CastShadow=false
A.Parent=q
local B=Instance.new"Part"
B.Anchored=true
B.BottomSurface=0
B.TopSurface=0
B.Color=Color3.fromRGB(248,248,248)
B.Material=288
B.Size=Vector3.new(8.7715997695923,0.17467540502548,0.23999999463558)
B.CFrame=CFrame.new(101.14373779297,6.9194145202637,-170.89120483398,0.96592462062836,0.0017106487648562,-0.25881811976433,-0.0015332534676418,0.99999845027924,0.00088726019021124,0.25881925225258,-0.00046019267756492,0.96592563390732)
B.CastShadow=false
B.Parent=q
local C=Instance.new"Part"
C.Anchored=true
C.BottomSurface=0
C.TopSurface=0
C.Transparency=0.7
C.Color=Color3.fromRGB(248,248,248)
C.Size=Vector3.new(11.215883255005,2.6539239883423,0.53309667110443)
C.CFrame=CFrame.new(107.79483032227,5.4694247245789,-164.73808288574,0.50000321865082,0.0017105613369495,-0.86602187156677,-0.0004567860160023,0.99999845027924,0.0017114628572017,0.86602348089218,-0.00046015024418011,0.50000321865082)
C.CastShadow=false
C.Parent=q
local D=Instance.new"Part"
D.Anchored=true
D.BottomSurface=0
D.TopSurface=0
D.Transparency=1
D.Color=Color3.fromRGB(27,42,53)
D.Material=512
D.Size=Vector3.new(4.8486747741699,3.8392491340637,0.30749768018723)
D.CFrame=CFrame.new(107.73999023438,5.5230989456177,-164.60739135742,0.50000321865082,0.0017105613369495,-0.86602187156677,-0.0004567860160023,0.99999845027924,0.0017114628572017,0.86602348089218,-0.00046015024418011,0.50000321865082)
D.CastShadow=false
D.Parent=q
local E=Instance.new"WedgePart"
E.Anchored=true
E.BottomSurface=0
E.Color=Color3.fromRGB(99,95,98)
E.Size=Vector3.new(3.3659489154816,6.0316872596741,6.2973074913025)
E.CFrame=CFrame.new(108.99681091309,5.4771656990051,-156.34693908691,0.00072362134233117,0.87659573554993,-0.48122695088387,0.99999952316284,-0.00098309863824397,-0.00028709747130051,-0.00072476203786209,-0.48122650384903,-0.87659597396851)
E.CastShadow=false
E.Parent=q
local F=Instance.new"Part"
F.Anchored=true
F.BottomSurface=0
F.TopSurface=0
F.Color=Color3.fromRGB(99,95,98)
F.Size=Vector3.new(8.8161020278931,1,0.86156749725342)
F.CFrame=CFrame.new(109.41893005371,4.2936611175537,-156.27142333984,-0.25881764292717,0.0017104849684983,-0.96592473983765,0.0008872440084815,0.99999845027924,0.0015330883907154,0.9659258723259,-0.00046022052993067,-0.2588187456131)
F.CastShadow=false
F.Parent=q
local G=Instance.new"Part"
G.Anchored=true
G.BottomSurface=0
G.TopSurface=0
G.Color=Color3.fromRGB(99,95,98)
G.Size=Vector3.new(11,0.79420655965805,0.17288473248482)
G.CFrame=CFrame.new(108.22958374023,3.8695774078369,-165.17373657227,0.50000321865082,0.0017105614533648,-0.86602187156677,-0.00045678604510613,0.99999845027924,0.0017114627407864,0.86602354049683,-0.00046015018597245,0.50000315904617)
G.CastShadow=false
G.Parent=q
local H=Instance.new"Part"
H.Anchored=true
H.BottomSurface=0
H.TopSurface=0
H.Color=Color3.fromRGB(27,42,53)
H.Material=512
H.Size=Vector3.new(8.0781164169312,3.0695436000824,0.35129383206367)
H.CFrame=CFrame.new(109.41650390625,5.3286080360413,-156.05250549316,-0.25881895422935,0.0017105207080022,-0.96592444181442,0.00088727311231196,0.99999845027924,0.0015331169124693,0.96592539548874,-0.00046023901086301,-0.25882011651993)
H.CastShadow=false
H.Parent=q
local I=Instance.new"Part"
I.Anchored=true
I.BottomSurface=0
I.TopSurface=0
I.Color=Color3.fromRGB(99,95,98)
I.Size=Vector3.new(11,0.69536101818085,0.52821731567383)
I.CFrame=CFrame.new(107.92306518555,6.826277256012,-164.99543762207,0.50000685453415,0.0017092908965424,-0.86601984500885,-0.00045687271631323,0.99999845027924,0.0017099479446188,0.86602139472961,-0.00045932485954836,0.50000685453415)
I.CastShadow=false
I.Parent=q
local J=Instance.new"Part"
J.Anchored=true
J.BottomSurface=0
J.TopSurface=0
J.Color=Color3.fromRGB(99,95,98)
J.Size=Vector3.new(8.7715997695923,0.70432037115097,0.38886812329292)
J.CFrame=CFrame.new(101.11688232422,6.8509397506714,-170.79174804688,0.96592456102371,0.0017106487648562,-0.25881808996201,-0.0015332533512264,0.99999845027924,0.00088726013200358,0.25881922245026,-0.00046019267756492,0.96592563390732)
J.CastShadow=false
J.Parent=q
local K=Instance.new"WedgePart"
K.Anchored=true
K.BottomSurface=0
K.Color=Color3.fromRGB(99,95,98)
K.Size=Vector3.new(3.3987627029419,3.381858587265,9.8800001144409)
K.CFrame=CFrame.new(106.51824951172,5.4650568962097,-163.53897094727,0.004654738586396,-0.86602264642715,-0.49998316168785,-0.9999840259552,-0.0056385523639619,0.00045691567356698,-0.0032148803584278,0.49997302889824,-0.86603510379791)
K.CastShadow=false
K.Parent=q
local L=Instance.new"WedgePart"
L.Anchored=true
L.BottomSurface=0
L.Color=Color3.fromRGB(99,95,98)
L.Size=Vector3.new(3.75186419487,3.5208444595337,6.9920372962952)
L.CFrame=CFrame.new(100.95373535156,5.1535973548889,-170.45919799805,-0.049062311649323,0.64516240358353,0.76246869564056,-0.99712836742401,-0.075730755925179,-8.233824337367e-05,0.05768920853734,-0.76028311252594,0.64702522754669)
L.CastShadow=false
L.Parent=q
local M=Instance.new"Part"
M.Anchored=true
M.BottomSurface=0
M.TopSurface=0
M.Color=Color3.fromRGB(27,42,53)
M.Material=512
M.Size=Vector3.new(11.215883255005,3.2750134468079,0.30749768018723)
M.CFrame=CFrame.new(107.69702148438,5.3984723091125,-164.681640625,0.50000321865082,0.0017105613369495,-0.86602187156677,-0.0004567860160023,0.99999845027924,0.0017114628572017,0.86602348089218,-0.00046015024418011,0.50000321865082)
M.CastShadow=false
M.Parent=q
local N=Instance.new"Part"
N.Anchored=true
N.BottomSurface=0
N.TopSurface=0
N.Color=Color3.fromRGB(99,95,98)
N.Size=Vector3.new(8.8161020278931,0.75168883800507,0.29999998211861)
N.CFrame=CFrame.new(109.86901855469,3.5424153804779,-156.2431640625,-0.25881764292717,0.0017104849684983,-0.96592473983765,0.0008872440084815,0.99999845027924,0.0015330883907154,0.9659258723259,-0.00046022052993067,-0.2588187456131)
N.CastShadow=false
N.Parent=q
local O=Instance.new"Part"
O.Anchored=true
O.BottomSurface=0
O.TopSurface=0
O.Color=Color3.fromRGB(248,248,248)
O.Material=288
O.Size=Vector3.new(8.7200002670288,0.15394055843353,0.43596172332764)
O.CFrame=CFrame.new(109.59962463379,6.8966860771179,-156.1867980957,-0.25882068276405,0.0017104923026636,-0.96592390537262,0.00088724360102788,0.99999845027924,0.0015330944443122,0.96592503786087,-0.00046021319576539,-0.2588218152523)
O.CastShadow=false
O.Parent=q
local P=Instance.new"Part"
P.Anchored=true
P.BottomSurface=0
P.TopSurface=0
P.Color=Color3.fromRGB(99,95,98)
P.Size=Vector3.new(0.74974882602692,1.8921384811401,1.0036768913269)
P.CFrame=CFrame.new(110.04643249512,5.6108112335205,-159.2946472168,-0.25881996750832,0.0017105487640947,-0.96592408418655,0.00088730297284201,0.99999845027924,0.0015331374015659,0.96592515707016,-0.00046026072232053,-0.25882109999657)
P.CastShadow=false
P.Parent=q
local Q=Instance.new"Part"
Q.Anchored=true
Q.BottomSurface=0
Q.TopSurface=0
Q.Color=Color3.fromRGB(99,95,98)
Q.Size=Vector3.new(8.7670698165894,1,0.44557955861092)
Q.CFrame=CFrame.new(101.19654846191,4.3011159896851,-170.78535461426,0.96592026948929,0.001709389151074,-0.25883403420448,-0.0015322860563174,0.99999845027924,0.00088597403373569,0.25883516669273,-0.00045917244278826,0.96592140197754)
Q.CastShadow=false
Q.Parent=q
local R=Instance.new"WedgePart"
R.Anchored=true
R.BottomSurface=0
R.Color=Color3.fromRGB(99,95,98)
R.Size=Vector3.new(3.3659489154816,6.0316872596741,15.781153678894)
R.CFrame=CFrame.new(103.6842956543,5.4740715026855,-166.02395629883,-0.00072241836460307,0.87660109996796,0.48121723532677,-0.99999952316284,-0.00098165892995894,0.00028699144604616,0.00072396820178255,-0.48121678829193,0.87660133838654)
R.CastShadow=false
R.Parent=q
local S=Instance.new"Part"
S.Anchored=true
S.BottomSurface=0
S.TopSurface=0
S.Color=Color3.fromRGB(99,95,98)
S.Size=Vector3.new(8.7200002670288,0.63674694299698,0.79608160257339)
S.CFrame=CFrame.new(109.38192749023,6.8412594795227,-156.24493408203,-0.25882068276405,0.0017104923026636,-0.96592390537262,0.00088724365923554,0.99999845027924,0.0015330945607275,0.96592503786087,-0.00046021322486922,-0.2588218152523)
S.CastShadow=false
S.Parent=q
local T=Instance.new"Part"
T.Anchored=true
T.BottomSurface=0
T.TopSurface=0
T.Color=Color3.fromRGB(99,95,98)
T.Size=Vector3.new(4.4744181632996,0.67732465267181,0.89999997615814)
T.CFrame=CFrame.new(109.16737365723,5.1948318481445,-155.68460083008,-0.18180415034294,0.18422627449036,-0.96592336893082,0.70773911476135,0.70647221803665,0.0015330913010985,0.68268048763275,-0.68334299325943,-0.25882375240326)
T.CastShadow=false
T.Parent=q
local U=Instance.new"Part"
U.Anchored=true
U.BottomSurface=0
U.TopSurface=0
U.Color=Color3.fromRGB(99,95,98)
U.Size=Vector3.new(11,1,0.47820949554443)
U.CFrame=CFrame.new(108.03327941895,4.292040348053,-165.06018066406,0.50000321865082,0.0017105614533648,-0.86602187156677,-0.00045678604510613,0.99999845027924,0.0017114627407864,0.86602354049683,-0.00046015018597245,0.50000315904617)
U.CastShadow=false
U.Parent=q
local V=Instance.new"Part"
V.Anchored=true
V.BottomSurface=0
V.TopSurface=0
V.Color=Color3.fromRGB(248,248,248)
V.Material=288
V.Size=Vector3.new(11,0.15457302331924,0.52821731567383)
V.CFrame=CFrame.new(107.96105957031,6.9104170799255,-165.01733398438,0.50000190734863,0.0017094194190577,-0.86602264642715,-0.00045690528349951,0.99999845027924,0.0017100744880736,0.86602425575256,-0.00045935015077703,0.50000184774399)
V.CastShadow=false
V.Parent=q
local W=Instance.new"Model"
W.Name="Chair"
W.WorldPivot=CFrame.new(101.32427215576,6.0957217216492,-156.33065795898,-0.8660215139389,0.0016878858441487,-0.50000423192978,0.001497131655924,0.99999856948853,0.00078266579657793,0.50000470876694,-7.0766938733868e-05,-0.86602252721786)
W.Parent=a
local X=Instance.new"Part"
X.Anchored=true
X.Color=Color3.fromRGB(17,17,17)
X.Material=512
X.Size=Vector3.new(0.20000000298023,4.2000002861023,0.20000000298023)
X.CFrame=CFrame.new(100.95824432373,6.0966649055481,-154.96463012695,-0.86602181196213,0.0016878853784874,-0.50000435113907,0.0014971324708313,0.99999856948853,0.0007826664368622,0.50000464916229,-7.0767113356851e-05,-0.86602228879929)
X.Parent=W
local Y=Instance.new"Part"
Y.Anchored=true
Y.Color=Color3.fromRGB(17,17,17)
Y.Material=512
Y.Size=Vector3.new(0.20000000298023,4.2000002861023,0.20000000298023)
Y.CFrame=CFrame.new(99.95824432373,6.0980777740479,-156.69665527344,-0.86602181196213,0.0016878853784874,-0.50000435113907,0.0014971324708313,0.99999856948853,0.0007826664368622,0.50000464916229,-7.0767113356851e-05,-0.86602228879929)
Y.Parent=W
local Za=Instance.new"Part"
Za.Anchored=true
Za.Color=Color3.fromRGB(17,17,17)
Za.Material=512
Za.Size=Vector3.new(0.20000000298023,0.20000000298023,1.8000000715256)
Za.CFrame=CFrame.new(100.4616317749,8.0974149703979,-155.8307800293,-0.86602181196213,0.0016878853784874,-0.50000435113907,0.0014971324708313,0.99999856948853,0.0007826664368622,0.50000464916229,-7.0767113356851e-05,-0.86602228879929)
Za.Parent=W
local aa=Instance.new"Part"
aa.Anchored=true
aa.Color=Color3.fromRGB(17,17,17)
aa.Material=512
aa.Size=Vector3.new(0.20000000298023,0.20000000298023,1.8000000715256)
aa.CFrame=CFrame.new(100.46025848389,7.297336101532,-155.83074951172,-0.86602181196213,0.0016878853784874,-0.50000435113907,0.0014971324708313,0.99999856948853,0.0007826664368622,0.50000464916229,-7.0767113356851e-05,-0.86602228879929)
aa.Parent=W
local ba=Instance.new"Part"
ba.Anchored=true
ba.Color=Color3.fromRGB(17,17,17)
ba.Material=512
ba.Size=Vector3.new(0.20000000298023,0.20000000298023,1.8000000715256)
ba.CFrame=CFrame.new(100.46096038818,7.6973295211792,-155.83074951172,-0.86602181196213,0.0016878853784874,-0.50000435113907,0.0014971324708313,0.99999856948853,0.0007826664368622,0.50000464916229,-7.0767113356851e-05,-0.86602228879929)
ba.Parent=W
local ca=Instance.new"Part"
ca.Anchored=true
ca.Color=Color3.fromRGB(17,17,17)
ca.Material=512
ca.Size=Vector3.new(0.20000000298023,0.20000000298023,1.8000000715256)
ca.CFrame=CFrame.new(100.45958709717,6.897403717041,-155.83070373535,-0.86602181196213,0.0016878853784874,-0.50000435113907,0.0014971324708313,0.99999856948853,0.0007826664368622,0.50000464916229,-7.0767113356851e-05,-0.86602228879929)
ca.Parent=W
local da=Instance.new"Part"
da.Anchored=true
da.Color=Color3.fromRGB(17,17,17)
da.Material=512
da.Size=Vector3.new(0.20000000298023,1.8000004291534,0.20000000298023)
da.CFrame=CFrame.new(102.68827056885,4.8934922218323,-155.96453857422,-0.86602181196213,0.0016878853784874,-0.50000435113907,0.0014971324708313,0.99999856948853,0.0007826664368622,0.50000464916229,-7.0767113356851e-05,-0.86602228879929)
da.Parent=W
local ea=Instance.new"Part"
ea.Anchored=true
ea.Color=Color3.fromRGB(17,17,17)
ea.Material=512
ea.Size=Vector3.new(0.20000000298023,1.8000004291534,0.20000000298023)
ea.CFrame=CFrame.new(101.68827056885,4.8952255249023,-157.6965637207,-0.86602181196213,0.0016878853784874,-0.50000435113907,0.0014971324708313,0.99999856948853,0.0007826664368622,0.50000464916229,-7.0767113356851e-05,-0.86602228879929)
ea.Parent=W
local fa=Instance.new"UnionOperation"
fa.Anchored=true
fa.Color=Color3.fromRGB(17,17,17)
fa.Material=512
fa.Size=Vector3.new(2.1999995708466,0.20000043511391,2.1999988555908)
fa.CFrame=CFrame.new(101.32358551025,5.6957588195801,-156.33062744141,-0.86602181196213,0.0016878853784874,-0.50000435113907,0.0014971324708313,0.99999856948853,0.0007826664368622,0.50000464916229,-7.0767113356851e-05,-0.86602228879929)
fa.UsePartColor=true
fa.Parent=W
local ga=Instance.new"Model"
ga.Name="HaydenRSPN"
ga.WorldPivot=CFrame.new(101.33999633789,6.3850002288818,-156.30299377441,0.49999997019768,0,-0.86602544784546,0,1,0,0.86602544784546,0,0.49999997019768)
ga.Parent=a
local ha=Instance.new"Part"
ha.Name="Head"
ha.TopSurface=0
ha.Color=Color3.fromRGB(215,197,154)
ha.Size=Vector3.new(2,1,1)
ha.CFrame=CFrame.new(101.33999633789,7.8850002288818,-156.30299377441,0.49999997019768,0,-0.86602544784546,0,1,0,0.86602544784546,0,0.49999997019768)
ha.formFactor=0
ha.Parent=ga
local ia=Instance.new"Attachment"
ia.Name="HatAttachment"
ia.WorldOrientation=Vector3.new(-0,-60,0)
ia.CFrame=CFrame.new(0,0.60000002384186,0)
ia.WorldPosition=Vector3.new(101.33999633789,8.4850006103516,-156.30299377441)
ia.WorldCFrame=CFrame.new(101.33999633789,8.4850006103516,-156.30299377441,0.49999997019768,0,-0.86602544784546,0,1,0,0.86602544784546,0,0.49999997019768)
ia.Position=Vector3.new(0,0.60000002384186,0)
ia.WorldAxis=Vector3.new(0.49999997019768,0,0.86602544784546)
ia.Parent=ha
local ja=Instance.new"Attachment"
ja.Name="HairAttachment"
ja.WorldOrientation=Vector3.new(-0,-60,0)
ja.CFrame=CFrame.new(0,0.60000002384186,0)
ja.WorldPosition=Vector3.new(101.33999633789,8.4850006103516,-156.30299377441)
ja.WorldCFrame=CFrame.new(101.33999633789,8.4850006103516,-156.30299377441,0.49999997019768,0,-0.86602544784546,0,1,0,0.86602544784546,0,0.49999997019768)
ja.Position=Vector3.new(0,0.60000002384186,0)
ja.WorldAxis=Vector3.new(0.49999997019768,0,0.86602544784546)
ja.Parent=ha
local ka=Instance.new"Attachment"
ka.Name="FaceFrontAttachment"
ka.WorldOrientation=Vector3.new(-0,-60,0)
ka.CFrame=CFrame.new(0,0,-0.60000002384186)
ka.WorldPosition=Vector3.new(101.85961151123,7.8850002288818,-156.60299682617)
ka.WorldCFrame=CFrame.new(101.85961151123,7.8850002288818,-156.60299682617,0.49999997019768,0,-0.86602544784546,0,1,0,0.86602544784546,0,0.49999997019768)
ka.Position=Vector3.new(0,0,-0.60000002384186)
ka.WorldAxis=Vector3.new(0.49999997019768,0,0.86602544784546)
ka.Parent=ha
local la=Instance.new"Attachment"
la.Name="FaceCenterAttachment"
la.WorldOrientation=Vector3.new(-0,-60,0)
la.WorldPosition=Vector3.new(101.33999633789,7.8850002288818,-156.30299377441)
la.WorldCFrame=CFrame.new(101.33999633789,7.8850002288818,-156.30299377441,0.49999997019768,0,-0.86602544784546,0,1,0,0.86602544784546,0,0.49999997019768)
la.WorldAxis=Vector3.new(0.49999997019768,0,0.86602544784546)
la.Parent=ha
local ma=Instance.new"SpecialMesh"
ma.Scale=Vector3.new(1.25,1.25,1.25)
ma.MeshId="http://www.roblox.com/asset/?id=83001675"
ma.MeshType=5
ma.Parent=ha
local na=Instance.new"StringValue"
na.Name="AvatarPartScaleType"
na.Value="Classic"
na.Parent=ma
local oa=Instance.new"Vector3Value"
oa.Name="FaceCenterAttachment"
oa.Parent=ma
local pa=Instance.new"Vector3Value"
pa.Name="FaceFrontAttachment"
pa.Value=Vector3.new(0,0,-0.58999997377396)
pa.Parent=ma
local qa=Instance.new"Vector3Value"
qa.Name="HairAttachment"
qa.Value=Vector3.new(0,0.58999997377396,-0)
qa.Parent=ma
local ra=Instance.new"Vector3Value"
ra.Name="HatAttachment"
ra.Value=Vector3.new(0,0.58999997377396,-0)
ra.Parent=ma
local sa=Instance.new"Vector3Value"
sa.Name="NeckRigAttachment"
sa.Value=Vector3.new(0,-0.49099999666214,-0)
sa.Parent=ma
local ta=Instance.new"Decal"
ta.Name="face"
ta.Texture="http://www.roblox.com/asset/?id=83017053"
ta.Parent=ha
local ua=Instance.new"Part"
ua.Name="HumanoidRootPart"
ua.RightParamB=0
ua.BottomSurface=0
ua.CanCollide=false
ua.TopSurface=0
ua.Transparency=1
ua.RightParamA=0
ua.Size=Vector3.new(2,2,1)
ua.CFrame=CFrame.new(101.33999633789,6.3850002288818,-156.30299377441,0.49999997019768,0,-0.86602544784546,0,1,0,0.86602544784546,0,0.49999997019768)
ua.LeftParamB=0
ua.LeftParamA=0
ua.formFactor=0
ua.Parent=ga
local va=Instance.new"Motor6D"
va.Name="RootJoint"
va.C1=CFrame.new(0,0,0,-1,0,0,0,0,1,0,1,-0)
va.C0=CFrame.new(0,0,0,-1,0,0,0,0,1,0,1,-0)
va.MaxVelocity=0.1
va.Parent=ua
local wa=Instance.new"Part"
wa.Name="Left Arm"
wa.CanCollide=false
wa.Color=Color3.fromRGB(215,197,154)
wa.Size=Vector3.new(1,2,1)
wa.CFrame=CFrame.new(100.58999633789,6.3850002288818,-157.60203552246,0.49999997019768,0,-0.86602544784546,0,1,0,0.86602544784546,0,0.49999997019768)
wa.formFactor=0
wa.Parent=ga
local xa=Instance.new"Attachment"
xa.Name="LeftShoulderAttachment"
xa.WorldOrientation=Vector3.new(-0,-60,0)
xa.CFrame=CFrame.new(0,1,0)
xa.WorldPosition=Vector3.new(100.58999633789,7.3850002288818,-157.60203552246)
xa.WorldCFrame=CFrame.new(100.58999633789,7.3850002288818,-157.60203552246,0.49999997019768,0,-0.86602544784546,0,1,0,0.86602544784546,0,0.49999997019768)
xa.Position=Vector3.new(0,1,0)
xa.WorldAxis=Vector3.new(0.49999997019768,0,0.86602544784546)
xa.Parent=wa
local ya=Instance.new"Part"
ya.Name="Left Leg"
ya.BottomSurface=0
ya.CanCollide=false
ya.Color=Color3.fromRGB(215,197,154)
ya.Size=Vector3.new(1,2,1)
ya.CFrame=CFrame.new(101.08999633789,4.3850002288818,-156.73600769043,0.49999997019768,0,-0.86602544784546,0,1,0,0.86602544784546,0,0.49999997019768)
ya.formFactor=0
ya.Parent=ga
local za=Instance.new"Part"
za.Name="Right Arm"
za.CanCollide=false
za.Color=Color3.fromRGB(215,197,154)
za.Size=Vector3.new(1,2,1)
za.CFrame=CFrame.new(102.08999633789,6.3850002288818,-155.00395202637,0.49999997019768,0,-0.86602544784546,0,1,0,0.86602544784546,0,0.49999997019768)
za.formFactor=0
za.Parent=ga
local Aa=Instance.new"Attachment"
Aa.Name="RightShoulderAttachment"
Aa.WorldOrientation=Vector3.new(-0,-60,0)
Aa.CFrame=CFrame.new(0,1,0)
Aa.WorldPosition=Vector3.new(102.08999633789,7.3850002288818,-155.00395202637)
Aa.WorldCFrame=CFrame.new(102.08999633789,7.3850002288818,-155.00395202637,0.49999997019768,0,-0.86602544784546,0,1,0,0.86602544784546,0,0.49999997019768)
Aa.Position=Vector3.new(0,1,0)
Aa.WorldAxis=Vector3.new(0.49999997019768,0,0.86602544784546)
Aa.Parent=za
local Ba=Instance.new"Part"
Ba.Name="Right Leg"
Ba.BottomSurface=0
Ba.CanCollide=false
Ba.Color=Color3.fromRGB(215,197,154)
Ba.Size=Vector3.new(1,2,1)
Ba.CFrame=CFrame.new(101.58999633789,4.3850002288818,-155.8699798584,0.49999997019768,0,-0.86602544784546,0,1,0,0.86602544784546,0,0.49999997019768)
Ba.formFactor=0
Ba.Parent=ga
local Ca=Instance.new"Part"
Ca.Name="Torso"
Ca.RightParamB=0
Ca.RightParamA=0
Ca.Color=Color3.fromRGB(215,197,154)
Ca.RightSurface=2
Ca.Size=Vector3.new(2,2,1)
Ca.CFrame=CFrame.new(101.33999633789,6.3850002288818,-156.30299377441,0.49999997019768,0,-0.86602544784546,0,1,0,0.86602544784546,0,0.49999997019768)
Ca.LeftSurface=2
Ca.LeftParamB=0
Ca.LeftParamA=0
Ca.formFactor=0
Ca.Parent=ga
local Da=Instance.new"Decal"
Da.Name="roblox"
Da.Parent=Ca
local Ea=Instance.new"Motor6D"
Ea.Name="Right Shoulder"
Ea.C1=CFrame.new(-0.5,0.5,0,0,0,1,0,1,-0,-1,0,0)
Ea.C0=CFrame.new(1,0.5,0,0,0,1,0,1,-0,-1,0,0)
Ea.MaxVelocity=0.1
Ea.Parent=Ca
local Fa=Instance.new"Motor6D"
Fa.Name="Right Hip"
Fa.C1=CFrame.new(0.5,1,0,0,0,1,0,1,-0,-1,0,0)
Fa.C0=CFrame.new(1,-1,0,0,0,1,0,1,-0,-1,0,0)
Fa.MaxVelocity=0.1
Fa.Parent=Ca
local Ga=Instance.new"Motor6D"
Ga.Name="Neck"
Ga.C1=CFrame.new(0,-0.5,0,-1,0,0,0,0,1,0,1,-0)
Ga.C0=CFrame.new(0,1,0,-1,0,0,0,0,1,0,1,-0)
Ga.MaxVelocity=0.1
Ga.Parent=Ca
local Ha=Instance.new"Motor6D"
Ha.Name="Left Shoulder"
Ha.C1=CFrame.new(0.5,0.5,0,0,0,-1,0,1,0,1,0,0)
Ha.C0=CFrame.new(-1,0.5,0,0,0,-1,0,1,0,1,0,0)
Ha.MaxVelocity=0.1
Ha.Parent=Ca
local Ia=Instance.new"Motor6D"
Ia.Name="Left Hip"
Ia.C1=CFrame.new(-0.5,1,0,0,0,-1,0,1,0,1,0,0)
Ia.C0=CFrame.new(-1,-1,0,0,0,-1,0,1,0,1,0,0)
Ia.MaxVelocity=0.1
Ia.Parent=Ca
local Ja=Instance.new"Attachment"
Ja.Name="WaistFrontAttachment"
Ja.WorldOrientation=Vector3.new(-0,-60,0)
Ja.CFrame=CFrame.new(0,-1,-0.5)
Ja.WorldPosition=Vector3.new(101.77301025391,5.3850002288818,-156.55299377441)
Ja.WorldCFrame=CFrame.new(101.77301025391,5.3850002288818,-156.55299377441,0.49999997019768,0,-0.86602544784546,0,1,0,0.86602544784546,0,0.49999997019768)
Ja.Position=Vector3.new(0,-1,-0.5)
Ja.WorldAxis=Vector3.new(0.49999997019768,0,0.86602544784546)
Ja.Parent=Ca
local Ka=Instance.new"Attachment"
Ka.Name="WaistCenterAttachment"
Ka.WorldOrientation=Vector3.new(-0,-60,0)
Ka.CFrame=CFrame.new(0,-1,0)
Ka.WorldPosition=Vector3.new(101.33999633789,5.3850002288818,-156.30299377441)
Ka.WorldCFrame=CFrame.new(101.33999633789,5.3850002288818,-156.30299377441,0.49999997019768,0,-0.86602544784546,0,1,0,0.86602544784546,0,0.49999997019768)
Ka.Position=Vector3.new(0,-1,0)
Ka.WorldAxis=Vector3.new(0.49999997019768,0,0.86602544784546)
Ka.Parent=Ca
local La=Instance.new"Attachment"
La.Name="WaistBackAttachment"
La.WorldOrientation=Vector3.new(-0,-60,0)
La.CFrame=CFrame.new(0,-1,0.5)
La.WorldPosition=Vector3.new(100.90698242188,5.3850002288818,-156.05299377441)
La.WorldCFrame=CFrame.new(100.90698242188,5.3850002288818,-156.05299377441,0.49999997019768,0,-0.86602544784546,0,1,0,0.86602544784546,0,0.49999997019768)
La.Position=Vector3.new(0,-1,0.5)
La.WorldAxis=Vector3.new(0.49999997019768,0,0.86602544784546)
La.Parent=Ca
local Ma=Instance.new"Attachment"
Ma.Name="RightCollarAttachment"
Ma.WorldOrientation=Vector3.new(-0,-60,0)
Ma.CFrame=CFrame.new(1,1,0)
Ma.WorldPosition=Vector3.new(101.83999633789,7.3850002288818,-155.43696594238)
Ma.WorldCFrame=CFrame.new(101.83999633789,7.3850002288818,-155.43696594238,0.49999997019768,0,-0.86602544784546,0,1,0,0.86602544784546,0,0.49999997019768)
Ma.Position=Vector3.new(1,1,0)
Ma.WorldAxis=Vector3.new(0.49999997019768,0,0.86602544784546)
Ma.Parent=Ca
local Na=Instance.new"Attachment"
Na.Name="NeckAttachment"
Na.WorldOrientation=Vector3.new(-0,-60,0)
Na.CFrame=CFrame.new(0,1,0)
Na.WorldPosition=Vector3.new(101.33999633789,7.3850002288818,-156.30299377441)
Na.WorldCFrame=CFrame.new(101.33999633789,7.3850002288818,-156.30299377441,0.49999997019768,0,-0.86602544784546,0,1,0,0.86602544784546,0,0.49999997019768)
Na.Position=Vector3.new(0,1,0)
Na.WorldAxis=Vector3.new(0.49999997019768,0,0.86602544784546)
Na.Parent=Ca
local Oa=Instance.new"Attachment"
Oa.Name="LeftCollarAttachment"
Oa.WorldOrientation=Vector3.new(-0,-60,0)
Oa.CFrame=CFrame.new(-1,1,0)
Oa.WorldPosition=Vector3.new(100.83999633789,7.3850002288818,-157.16902160645)
Oa.WorldCFrame=CFrame.new(100.83999633789,7.3850002288818,-157.16902160645,0.49999997019768,0,-0.86602544784546,0,1,0,0.86602544784546,0,0.49999997019768)
Oa.Position=Vector3.new(-1,1,0)
Oa.WorldAxis=Vector3.new(0.49999997019768,0,0.86602544784546)
Oa.Parent=Ca
local Pa=Instance.new"Attachment"
Pa.Name="BodyFrontAttachment"
Pa.WorldOrientation=Vector3.new(-0,-60,0)
Pa.CFrame=CFrame.new(0,0,-0.5)
Pa.WorldPosition=Vector3.new(101.77301025391,6.3850002288818,-156.55299377441)
Pa.WorldCFrame=CFrame.new(101.77301025391,6.3850002288818,-156.55299377441,0.49999997019768,0,-0.86602544784546,0,1,0,0.86602544784546,0,0.49999997019768)
Pa.Position=Vector3.new(0,0,-0.5)
Pa.WorldAxis=Vector3.new(0.49999997019768,0,0.86602544784546)
Pa.Parent=Ca
local Qa=Instance.new"Attachment"
Qa.Name="BodyBackAttachment"
Qa.WorldOrientation=Vector3.new(-0,-60,0)
Qa.CFrame=CFrame.new(0,0,0.5)
Qa.WorldPosition=Vector3.new(100.90698242188,6.3850002288818,-156.05299377441)
Qa.WorldCFrame=CFrame.new(100.90698242188,6.3850002288818,-156.05299377441,0.49999997019768,0,-0.86602544784546,0,1,0,0.86602544784546,0,0.49999997019768)
Qa.Position=Vector3.new(0,0,0.5)
Qa.WorldAxis=Vector3.new(0.49999997019768,0,0.86602544784546)
Qa.Parent=Ca
local Ra=Instance.new"Humanoid"
Ra.Parent=ga
local Sa=Instance.new"Accessory"
Sa.Name="Ultra-Fabulous Hair"
Sa.Parent=ga
local Ta=Instance.new"Part"
Ta.Name="Handle"
Ta.BottomSurface=0
Ta.CanCollide=false
Ta.TopSurface=0
Ta.Size=Vector3.new(2,2,2)
Ta.Locked=true
Ta.CFrame=CFrame.new(101.33975982666,8.3850002288818,-156.30285644531,0.49999997019768,-3.9356868875018e-09,-0.86602544784546,7.8713755513604e-09,1,4.1444220966321e-16,0.86602544784546,-6.8168115596734e-09,0.49999997019768)
Ta.formFactor=0
Ta.Parent=Sa
local Ua=Instance.new"SpecialMesh"
Ua.Scale=Vector3.new(1.0499999523163,1.0499999523163,1.0499999523163)
Ua.MeshId="http://www.roblox.com/asset/?id=16627529"
Ua.TextureId="http://www.roblox.com/asset/?id=16627494"
Ua.MeshType=5
Ua.Parent=Ta
local Va=Instance.new"Attachment"
Va.Name="HairAttachment"
Va.WorldSecondaryAxis=Vector3.new(8.5171703945262e-17,1,2.0722109159672e-16)
Va.WorldOrientation=Vector3.new(1.7102605291854e-15,-60,0)
Va.CFrame=CFrame.new(8.6583895608783e-09,0.099999904632568,-0.0002722442150116,1,7.8713755513604e-09,-3.2622303411172e-24,-7.8713755513604e-09,1,-4.1444220966321e-16,0,4.1444220966321e-16,1)
Va.WorldPosition=Vector3.new(101.33999633789,8.4850006103516,-156.30299377441)
Va.Axis=Vector3.new(1,-7.8713755513604e-09,0)
Va.Rotation=Vector3.new(2.3745789405963e-14,-1.8691202130724e-22,-4.5099656631464e-07)
Va.WorldCFrame=CFrame.new(101.33999633789,8.4850006103516,-156.30299377441,0.49999997019768,8.5171703945262e-17,-0.86602544784546,0,1,-2.9849679289258e-17,0.86602544784546,2.0722109159672e-16,0.49999997019768)
Va.SecondaryAxis=Vector3.new(7.8713755513604e-09,1,4.1444220966321e-16)
Va.Position=Vector3.new(8.6583895608783e-09,0.099999904632568,-0.0002722442150116)
Va.Orientation=Vector3.new(2.3745789405963e-14,-1.8691202130724e-22,-4.5099656631464e-07)
